0.11370875686407089
0.1520141363143921
0.24787628650665283
0.2518436014652252
0.2962072789669037
0.3261334300041199
0.35498666763305664
0.39747077226638794
0.4284878373146057
0.45821067690849304
0.46147462725639343
0.471752792596817
0.4909128248691559
0.5035132169723511
0.515096127986908
0.5309401750564575
0.5381471514701843
0.5388532876968384
0.5425428748130798
0.5457449555397034
0.5473379492759705
0.5473746657371521
0.5487197637557983
0.5524365901947021
0.5575207471847534
0.5633611083030701
0.568688690662384
0.5734429359436035
0.5792157649993896
0.5905076861381531
0.6026851534843445
0.6154457926750183
0.615612804889679
0.6153470873832703
0.6160485744476318
0.617276668548584
0.6190963983535767
0.6208425164222717
0.6232759952545166
0.6254964470863342
0.6282365918159485
0.6303055286407471
0.632148265838623
0.6313921809196472
0.6309517025947571
0.6305262446403503
0.6303764581680298
0.6303939819335938
0.6308850049972534
0.6311861872673035
0.6309527158737183
0.6306318044662476
0.6303502917289734
0.6300259232521057
0.6299125552177429
0.6305489540100098
0.6307545900344849
0.6306533813476563
0.6313520073890686
0.6334860920906067
0.6368705034255981
0.6386178135871887
0.6412606239318848
0.6411272883415222
0.6404410600662231
0.6394649147987366
0.6396198272705078
0.6411765217781067
0.6431941390037537
0.6449421644210815
0.6471079587936401
0.6466770768165588
0.6472605466842651
0.6475653052330017
0.6479289531707764
0.649081289768219
0.6492562890052795
0.6492619514465332
0.6498983502388
0.6504507660865784
0.6507415771484375
0.6506372690200806
0.650799572467804
0.6509605646133423
0.6514073610305786
0.6515083909034729
0.6516640782356262
0.6518001556396484
0.6519718170166016
0.6520876884460449
0.6525485515594482
0.6529471278190613
0.6529978513717651
0.6532124876976013
0.6537553071975708
0.6543211340904236
0.654379665851593
0.6540461182594299
0.6534467935562134
0.6534802317619324
0.653780996799469
0.6538488268852234
0.6541880369186401
0.6546231508255005
0.6545810103416443
0.6543271541595459
0.6541050672531128
0.6539329886436462
0.6539093255996704
0.6540603041648865
0.6541726589202881
0.654502272605896
0.6546549797058105
0.6547279357910156
0.6548706293106079
0.6552139520645142
0.6555859446525574
0.6553398966789246
0.6549211740493774
0.6545021533966064
0.653823971748352
0.6538766026496887
0.6537559628486633
0.6536032557487488
0.6534445285797119
0.6537032723426819
0.6540547609329224
0.6543667316436768
0.6547111868858337
0.6552057862281799
0.6551799178123474
0.6551403999328613
0.6550983190536499
0.6551415920257568
0.6553608775138855
0.6555537581443787
0.6557874083518982
0.6558595895767212
0.6558839678764343
0.6559403538703918
0.656436026096344
0.6566773653030396
0.6572130918502808
0.6579250693321228
0.6585466861724854
0.6585677862167358
0.6593232154846191
0.6606051325798035
0.661979079246521
0.6633244752883911
0.6632636189460754
0.6631852388381958
0.662970244884491
0.6630561947822571
0.6632824540138245
0.6632397174835205
0.6630998849868774
0.6623316407203674
0.6615527868270874
0.6607030034065247
0.6602444648742676
0.6597452163696289
0.6587859988212585
0.6582154631614685
0.658212423324585
0.6582744121551514
0.6580581068992615
0.6575822234153748
0.6560190320014954
0.6558215618133545
0.6573454141616821
0.6572679281234741
0.6569578647613525
0.6572095155715942
0.6571089625358582
0.6569831371307373
0.6566755771636963
0.6568065285682678
0.656819224357605
0.6566786170005798
0.6563449501991272
0.656060516834259
0.6562796831130981
0.656164824962616
0.6554965972900391
0.6549495458602905
0.654468834400177
0.6543785929679871
0.6542261838912964
0.6536415219306946
0.6536683440208435
0.65337735414505
0.6531784534454346
0.652932345867157
0.6526858806610107
0.652491569519043
0.6524805426597595
0.6523320078849792
0.6522483229637146
0.6748035550117493
0.7155241370201111
0.732329785823822
0.7350255250930786
0.7102200388908386
0.699787437915802
0.6846631169319153
0.7072255611419678
0.680891215801239
0.6894480586051941
0.7052782773971558
0.6982476115226746
0.6861129403114319
0.6816691756248474
0.6660683751106262
0.6790101528167725
0.6720244884490967
0.6645359396934509
0.6923381090164185
0.6893800497055054
0.6844255924224854
0.6708074808120728
0.657184362411499
0.6596396565437317
0.6585556864738464
0.6480080485343933
0.6188846826553345
0.6239916086196899
0.6279568076133728
0.6426523923873901
0.648732602596283
0.6511448621749878
0.6299689412117004
0.6282497644424438
0.6353392601013184
0.6411126852035522
0.6165461540222168
0.5972155332565308
0.5863057971000671
0.5904639363288879
0.6054368019104004
0.6099273562431335
0.5969102382659912
0.6165184378623962
0.6356978416442871
0.6375463008880615
0.6529958248138428
0.6644740700721741
0.7048549652099609
0.7448092699050903
0.7651187777519226
0.7432883381843567
0.6619073748588562
0.6082533597946167
0.5863988995552063
0.5993679761886597
0.5903253555297852
0.5828197598457336
0.580498993396759
0.5801540017127991
0.6136691570281982
0.6149872541427612
0.6037076711654663
0.6194297671318054
0.650077223777771
0.6675784587860107
0.6777383685112
0.6996480822563171
0.7045660018920898
0.7091054916381836
0.7394521236419678
0.7517027854919434
0.7642948627471924
0.7590017318725586
0.7627341151237488
0.7572983503341675
0.7355900406837463
0.7473684549331665
0.7455145120620728
0.7558979988098145
0.7587916254997253
0.7589073777198792
0.7356639504432678
0.6962963938713074
0.6648424863815308
0.6456643342971802
0.655579149723053
0.6463058590888977
0.6261460781097412
0.6204026341438293
0.6298857927322388
0.6341676712036133
0.6165547370910645
0.6186606884002686
0.6365839242935181
0.6274965405464172
0.6198674440383911
0.603647768497467
0.6027212738990784
0.6321730017662048
0.6661479473114014
0.6813370585441589
0.6736525297164917
0.6409823298454285
0.6407520174980164
0.6399022936820984
0.6530239582061768
0.6825846433639526
0.7005627155303955
0.7140756249427795
0.7172718048095703
0.7179765701293945
0.718776524066925
0.7075715661048889
0.7063648104667664
0.745620846748352
0.7550404667854309
0.7356815934181213
0.7252479195594788
0.7429682016372681
0.7389261722564697
0.7471384406089783
0.7632919549942017
0.7815435528755188
0.7869452834129333
0.7838101387023926
0.7792332172393799
0.7551124095916748
0.6875687837600708
0.6881499886512756
0.6937468647956848
0.7010688185691833
0.7140291929244995
0.709182620048523
0.7131601572036743
0.7046254277229309
0.7321463227272034
0.7479767203330994
0.763127326965332
0.7620954513549805
0.7911461591720581
0.805691659450531
0.7840291261672974
0.779334545135498
0.7833347916603088
0.7859788537025452
0.807658314704895
0.8127928972244263
0.7908213138580322
0.7835140824317932
0.7773146629333496
0.793401837348938
0.7809510827064514
0.7602208852767944
0.7406495809555054
0.7264983654022217
0.7282021045684814
0.7070644497871399
0.692331075668335
0.6952561140060425
0.7067667841911316
0.7414761185646057
0.7689839601516724
0.8052321076393127
0.8249813318252563
0.8314610719680786
0.8380336761474609
0.8253092765808105
0.7708439826965332
0.7680176496505737
0.7875199913978577
0.8142706751823425
0.8372443914413452
0.8459830284118652
0.8247134685516357
0.8204861879348755
0.8281521797180176
0.842781126499176
0.8444598317146301
0.8571745157241821
0.8581042289733887
0.8844282031059265
0.9086664319038391
0.8937880992889404
0.8852512240409851
0.894287109375
0.8718130588531494
0.8610086441040039
0.8465185165405273
0.8420697450637817
0.8203262090682983
0.8129162788391113
0.8002285957336426
0.7966356873512268
0.8076150417327881
0.8017510175704956
0.8055240511894226
0.7842968702316284
0.7764248847961426
0.7749248147010803
0.7651498317718506
0.7751332521438599
0.7839145660400391
0.7736729979515076
0.7786057591438293
0.7985053658485413
0.7849329710006714
0.7714983820915222
0.77777498960495
0.8044712543487549
0.8010391592979431
0.7983118891716003
0.7869317531585693
0.8017813563346863
0.8095683455467224
0.8267367482185364
0.826471209526062
0.8440313339233398
0.8547162413597107
0.8688021898269653
0.8696463704109192
0.8683890104293823
0.8598965406417847
0.8521509766578674
0.8348792195320129
0.828192949295044
0.8144387602806091
0.805709719657898
0.8013631701469421
0.7949594855308533
0.8190628290176392
0.8225893974304199
0.8563738465309143
0.8694164156913757
0.8871490955352783
0.8925286531448364
0.8997420072555542
0.9137930274009705
0.914651095867157
0.8895300030708313
0.8882074356079102
0.9023796916007996
0.9135798811912537
0.9101076722145081
0.9018740653991699
0.9040724635124207
0.9056232571601868
0.9147814512252808
0.9231742024421692
0.9515885710716248
0.9414228796958923
0.9314749240875244
0.9270802140235901
0.9304632544517517
0.9229287505149841
0.9144920706748962
0.9315056204795837
0.9141408205032349
0.9140385985374451
0.9023265242576599
0.8765539526939392
0.8668876886367798
0.8594170808792114
0.8626421689987183
0.8616862297058105
0.8827459216117859
0.8760685324668884
0.8883020281791687
0.8976318836212158
0.9032360315322876
0.8814987540245056
0.8375698924064636
0.8477258086204529
0.8844308257102966
0.9116653203964233
0.9454270601272583
0.9716174006462097
0.9782363772392273
0.9848816990852356
1.0310152769088745
1.0593334436416626
1.044357419013977
1.0218148231506348
1.027075171470642
1.0412304401397705
1.0273181200027466
1.0164072513580322
1.0205103158950806
1.0284817218780518
1.061890959739685
1.0685535669326782
1.1035373210906982
1.1087042093276978
1.1115480661392212
1.1062088012695313
1.0795809030532837
1.0444966554641724
1.0438891649246216
1.059235692024231
1.0554673671722412
1.0201760530471802
1.0158010721206665
0.9729388356208801
0.9354187250137329
0.9318774342536926
0.9237614870071411
0.9278572797775269
0.9051936864852905
0.8961164951324463
0.9161791801452637
0.9089265465736389
0.8903526663780212
0.8552820086479187
0.8603371381759644
0.8586346507072449
0.8844628930091858
0.8934144377708435
0.8948991894721985
0.8960307240486145
0.9136494994163513
0.9489487409591675
0.931154191493988
0.9094960689544678
0.90351802110672
0.8898450136184692
0.8948822021484375
0.8727865219116211
0.849794328212738
0.8654792904853821
0.8723127841949463
0.8539175391197205
0.8729459643363953
0.8678922057151794
0.8883742690086365
0.9003996849060059
0.9405419230461121
0.9478205442428589
0.9758279323577881
0.9736747741699219
0.9882298111915588
0.9783452153205872
0.9388322830200195
0.9245529174804688
0.9350814819335938
0.9407382011413574
0.9488577246665955
0.951009213924408
0.9559457302093506
0.9725523591041565
0.9801852703094482
0.9500035643577576
0.9489335417747498
0.9727839231491089
0.9773985147476196
0.9713109731674194
0.9607704877853394
0.9409713745117188
0.9052634239196777
0.9494422078132629
0.9765892624855042
0.9941443800926208
1.0157161951065063
1.0163629055023193
1.0282307863235474
1.0615243911743164
1.0759692192077637
1.080885887145996
1.1036142110824585
1.1315670013427734
1.1088415384292603
1.1119983196258545
1.0965770483016968
1.0936214923858643
1.0873770713806152
1.083119511604309
1.0758064985275269
1.0794579982757568
1.0819257497787476
1.0852967500686646
1.1002397537231445
1.1180334091186523
1.1379907131195068
1.1634429693222046
1.1766769886016846
1.171384572982788
1.1600261926651
1.1721744537353516
1.1641587018966675
1.1638243198394775
1.1533756256103516
1.158589243888855
1.1942845582962036
1.205033540725708
1.194827914237976
1.1949328184127808
1.1946965456008911
1.1866440773010254
1.2235461473464966
1.2222707271575928
1.1994990110397339
1.1962326765060425
1.2257293462753296
1.2038458585739136
1.2056496143341064
1.1895045042037964
1.171461582183838
1.116053819656372
1.0943188667297363
1.090480089187622
1.0666673183441162
1.0763823986053467
1.0939106941223145
1.1001414060592651
1.1348721981048584
1.1450711488723755
1.100885272026062
1.0878885984420776
1.1049394607543945
1.111441731452942
1.1063134670257568
1.0754926204681396
1.0570064783096313
1.0749824047088623
1.0745347738265991
1.0737378597259521
1.0710923671722412
1.0406712293624878
1.0726202726364136
1.1015325784683228
1.1195212602615356
1.1293907165527344
1.1260753870010376
1.1169143915176392
1.1266354322433472
1.1268138885498047
1.1345562934875488
1.1385095119476318
1.147657871246338
1.1174547672271729
1.1071006059646606
1.0822099447250366
1.1003729104995728
1.1287753582000732
1.1395148038864136
1.11859130859375
1.10666823387146
1.0546820163726807
1.0081576108932495
0.993670642375946
0.9936610460281372
0.9942570328712463
1.004908800125122
1.0315454006195068
1.0006963014602661
0.9793397784233093
0.9900190234184265
0.9764444828033447
0.9744444489479065
0.9755604267120361
0.9640551209449768
0.9800179600715637
0.9859821200370789
0.9776124358177185
0.9836333394050598
0.977226734161377
0.9746303558349609
1.0176559686660767
1.0408984422683716
1.0641107559204102
1.08823823928833
1.1231307983398438
1.1198945045471191
1.0945525169372559
1.0614045858383179
1.0480252504348755
1.0421273708343506
1.0081264972686768
1.0058679580688477
1.0062307119369507
1.0091612339019775
1.0021992921829224
1.0245630741119385
1.0441285371780396
1.0644490718841553
1.0759426355361938
1.0795966386795044
1.0566601753234863
1.0555728673934937
1.0506318807601929
1.0717036724090576
1.0798736810684204
1.0683035850524902
1.052810549736023
1.0468043088912964
1.051944375038147
1.0482394695281982
1.0561703443527222
1.06999671459198
1.0702952146530151
1.0422431230545044
1.0254946947097778
1.04957914352417
1.0457954406738281
1.0295342206954956
1.0496771335601807
1.053899884223938
1.0685200691223145
1.073250412940979
1.0683852434158325
1.0385982990264893
1.0153321027755737
1.0448927879333496
1.062976598739624
1.0591959953308105
1.0307097434997559
1.010066270828247
1.0089250802993774
1.0084054470062256
1.0038361549377441
1.0191370248794556
1.0103598833084106
1.0235387086868286
1.0630954504013062
1.0996001958847046
1.1221669912338257
1.1232315301895142
1.12114679813385
1.1373953819274902
1.1129118204116821
1.0796741247177124
1.057553768157959
1.080257534980774
1.0975570678710938
1.0888763666152954
1.0961993932724
1.109710454940796
1.114322543144226
1.0779811143875122
1.0828039646148682
1.089538812637329
1.0865098237991333
1.0875493288040161
1.120895266532898
1.1113487482070923
1.1083989143371582
1.11619234085083
1.1257516145706177
1.1031557321548462
1.0896401405334473
1.0560431480407715
1.0102673768997192
0.9743630886077881
0.9745203852653503
0.9710390567779541
0.9812992215156555
0.9899888634681702
1.0033727884292603
1.0131807327270508
1.0212433338165283
1.009871244430542
1.0310511589050293
1.0213441848754883
1.0444186925888062
1.0626598596572876
1.091221570968628
1.1084753274917603
1.126274824142456
1.1485737562179565
1.1522564888000488
1.125887155532837
1.1119285821914673
1.1028602123260498
1.1013716459274292
1.0793306827545166
1.0734518766403198
1.0778237581253052
1.066256046295166
1.0514065027236938
1.0442924499511719
1.0779050588607788
1.0681718587875366
1.090956449508667
1.0966123342514038
1.0864343643188477
1.092342734336853
1.1287027597427368
1.1269532442092896
1.116361379623413
1.1439058780670166
1.1567808389663696
1.1808830499649048
1.2130414247512817
1.2555848360061646
1.2393507957458496
1.2352540493011475
1.2468680143356323
1.248288631439209
1.2343621253967285
1.2279384136199951
1.2256622314453125
1.231414556503296
1.2325992584228516
1.218690276145935
1.2342625856399536
1.2098044157028198
1.1846039295196533
1.1589199304580688
1.1605812311172485
1.153921365737915
1.171159029006958
1.2066495418548584
1.1955745220184326
1.1857171058654785
1.2136534452438354
1.2447670698165894
1.2404508590698242
1.233174204826355
1.2215427160263062
1.2171310186386108
1.2042738199234009
1.2135562896728516
1.203278660774231
1.1729087829589844
1.1763019561767578
1.1791143417358398
1.1953845024108887
1.211680293083191
1.2250021696090698
1.2520639896392822
1.2321045398712158
1.2361911535263062
1.2412813901901245
1.2305173873901367
1.2026690244674683
1.1602379083633423
1.1569091081619263
1.1494150161743164
1.1472872495651245
1.141163945198059
1.1128946542739868
1.119909644126892
1.1033364534378052
1.0687335729599
1.0466768741607666
1.0232186317443848
1.0084307193756104
1.01686429977417
1.0511608123779297
1.0706722736358643
1.0913290977478027
1.111957311630249
1.1134512424468994
1.1317830085754395
1.143397569656372
1.1358768939971924
1.1434274911880493
1.1709271669387817
1.1670799255371094
1.1442707777023315
1.143792986869812
1.1233493089675903
1.1117862462997437
1.0931892395019531
1.067489743232727
1.0465178489685059
1.0376499891281128
1.021605372428894
0.9872176051139832
0.9576356410980225
0.9603813290596008
0.9625166654586792
0.9543014168739319
0.9545388221740723
0.9565931558609009
0.9588432908058167
0.9673596620559692
0.988986074924469
0.994792640209198
1.0189166069030762
1.02622652053833
1.0250688791275024
1.023144245147705
0.9915832877159119
0.9698089957237244
0.9713848829269409
0.9814364314079285
0.9609449505805969
0.9679213762283325
0.9769816398620605
0.9697123765945435
0.967355489730835
0.9630683660507202
0.963367760181427
0.9784615635871887
0.9896855354309082
0.9888623356819153
0.9852051138877869
0.9869597554206848
0.9914504885673523
1.00356924533844
1.0091066360473633
0.9890419840812683
0.9562435150146484
0.9431013464927673
0.948975682258606
0.9655385613441467
0.9876895546913147
1.0222238302230835
1.0516737699508667
1.0299854278564453
1.0428571701049805
1.0466464757919312
1.060326099395752
1.0652107000350952
1.0221877098083496
1.0068100690841675
1.0153803825378418
1.01930832862854
1.0079474449157715
1.0309057235717773
1.0142459869384766
1.0043754577636719
1.0227525234222412
1.033522367477417
1.0156829357147217
1.0336570739746094
1.0464165210723877
1.0566174983978271
1.0532981157302856
1.0401874780654907
1.0448168516159058
1.026262879371643
1.0269737243652344
1.0161867141723633
1.0066940784454346
1.032560110092163
1.030529499053955
1.0414856672286987
1.05606210231781
1.0807530879974365
1.0985270738601685
1.0892298221588135
1.0907560586929321
1.108788013458252
1.120234489440918
1.1321978569030762
1.1560578346252441
1.1640626192092896
1.1422007083892822
1.1400372982025146
1.1295173168182373
1.1042271852493286
1.0942827463150024
1.0813112258911133
1.0872026681900024
1.0677825212478638
1.0688830614089966
1.0613945722579956
1.0305278301239014
1.0110777616500854
0.9761121869087219
0.9776851534843445
0.9842491745948792
1.0119600296020508
1.0365341901779175
1.0488258600234985
1.0740541219711304
1.0666909217834473
1.0524448156356812
1.0614031553268433
1.0649785995483398
1.0658094882965088
1.0963186025619507
1.1223918199539185
1.1360180377960205
1.1230653524398804
1.1275666952133179
1.145774245262146
1.115959882736206
1.1252250671386719
1.1767717599868774
1.2088826894760132
1.2048298120498657
1.1966712474822998
1.2000738382339478
1.200758695602417
1.2081122398376465
1.2168550491333008
1.2043439149856567
1.1945745944976807
1.196068525314331
1.2239588499069214
1.2124793529510498
1.203203797340393
1.1876277923583984
1.1841988563537598
1.1505727767944336
1.1403576135635376
1.1272155046463013
1.1055701971054077
1.1290301084518433
1.140653133392334
1.1519427299499512
1.1399850845336914
1.134326696395874
1.1385985612869263
1.1608814001083374
1.17752206325531
1.1638505458831787
1.1662462949752808
1.1625028848648071
1.1615806818008423
1.1490453481674194
1.1591702699661255
1.154238224029541
1.1541725397109985
1.160747766494751
1.1659696102142334
1.1693551540374756
1.1671313047409058
1.1739490032196045
1.1917845010757446
1.2033565044403076
1.1815166473388672
1.163801908493042
1.1624195575714111
1.1882860660552979
1.2027603387832642
1.2482565641403198
1.285622477531433
1.2971608638763428
1.2983973026275635
1.2836695909500122
1.2518419027328491
1.2351394891738892
1.249543309211731
1.2538673877716064
1.2599444389343262
1.2433531284332275
1.2320407629013062
1.1978554725646973
1.1848260164260864
1.1701549291610718
1.1886049509048462
1.1885510683059692
1.190230131149292
1.1934443712234497
1.1955397129058838
1.2044709920883179
1.2077560424804688
1.197789192199707
1.2091070413589478
1.2063592672348022
1.1801855564117432
1.1924504041671753
1.2120243310928345
1.1780940294265747
1.1654366254806519
1.17508864402771
1.2106677293777466
1.222237467765808
1.2176284790039063
1.1989060640335083
1.195156455039978
1.228135585784912
1.223777413368225
1.2177987098693848
1.2199214696884155
1.2354695796966553
1.2586125135421753
1.2778397798538208
1.270410180091858
1.2637490034103394
1.2720438241958618
1.286859154701233
1.2859281301498413
1.2766886949539185
1.2539005279541016
1.2443456649780273
1.2276650667190552
1.231384515762329
1.2303811311721802
1.2456051111221313
1.2718205451965332
1.26559579372406
1.2495771646499634
1.2617803812026978
1.2536373138427734
1.272699236869812
1.2623900175094604
1.254180669784546
1.2635986804962158
1.2706594467163086
1.2607945203781128
1.2379088401794434
1.2505426406860352
1.26609468460083
1.2219114303588867
1.1977463960647583
1.2043321132659912
1.252379298210144
1.292297601699829
1.311970591545105
1.3131307363510132
1.3054895401000977
1.3208191394805908
1.3237508535385132
1.3269953727722168
1.3171390295028687
1.3151705265045166
1.3113467693328857
1.2975205183029175
1.3005679845809937
1.3015903234481812
1.3346987962722778
1.3640594482421875
1.3640542030334473
1.3658353090286255
1.354352593421936
1.3629536628723145
1.3581602573394775
1.358557105064392
1.344069004058838
1.3304836750030518
1.3123564720153809
1.277116060256958
1.2549012899398804
1.2571593523025513
1.2876676321029663
1.307178020477295
1.3238019943237305
1.31754732131958
1.3053624629974365
1.2862164974212646
1.270877480506897
1.2276017665863037
1.2075127363204956
1.175331711769104
1.137735366821289
1.1250725984573364
1.167025089263916
1.1765124797821045
1.155629277229309
1.1542837619781494
1.1418752670288086
1.1578240394592285
1.172034740447998
1.1874977350234985
1.1996458768844604
1.2075287103652954
1.2152661085128784
1.181893229484558
1.1503406763076782
1.1850502490997314
1.2083122730255127
1.2637035846710205
1.2854197025299072
1.3054906129837036
1.298000454902649
1.2784278392791748
1.2641911506652832
1.2470282316207886
1.240236520767212
1.2457057237625122
1.2385553121566772
1.211288571357727
1.2058523893356323
1.2038028240203857
1.212074637413025
1.2030714750289917
1.2356642484664917
1.234908938407898
1.228959321975708
1.212807536125183
1.2017948627471924
1.16756010055542
1.178424596786499
1.1729212999343872
1.1746746301651
1.18694269657135
1.2013404369354248
1.2099262475967407
1.2089096307754517
1.2043397426605225
1.222612977027893
1.201240062713623
1.19849693775177
1.1452713012695313
1.1470558643341064
1.1492648124694824
1.171020746231079
1.2097679376602173
1.2219432592391968
1.1932491064071655
1.1597471237182617
1.1370646953582764
1.1572693586349487
1.1691831350326538
1.1408071517944336
1.1532596349716187
1.155192494392395
1.1739317178726196
1.1543210744857788
1.1196612119674683
1.1227309703826904
1.1410397291183472
1.1628485918045044
1.1867179870605469
1.2132182121276855
1.2458350658416748
1.2569477558135986
1.2728439569473267
1.3037766218185425
1.2960838079452515
1.2766188383102417
1.2374348640441895
1.22092866897583
1.2131584882736206
1.1914708614349365
1.2032709121704102
1.2054921388626099
1.2149944305419922
1.2457258701324463
1.2581956386566162
1.255853295326233
1.237339973449707
1.1876380443572998
1.1409590244293213
1.1275911331176758
1.1578891277313232
1.19937002658844
1.2209447622299194
1.222203016281128
1.220994472503662
1.2062666416168213
1.1823687553405762
1.1510932445526123
1.1454455852508545
1.1150070428848267
1.0955342054367065
1.0875978469848633
1.1075129508972168
1.1283997297286987
1.1175947189331055
1.103763461112976
1.1141501665115356
1.1264954805374146
1.1200493574142456
1.1254494190216064
1.1010063886642456
1.1169772148132324
1.1081205606460571
1.1228289604187012
1.1299610137939453
1.134371042251587
1.1465108394622803
1.1256707906723022
1.1411800384521484
1.1781147718429565
1.176679253578186
1.1964935064315796
1.2125571966171265
1.230933427810669
1.2676129341125488
1.2655810117721558
1.2563585042953491
1.2382802963256836
1.218845248222351
1.2051775455474854
1.194444179534912
1.1512643098831177
1.153243064880371
1.1505838632583618
1.1506048440933228
1.1609866619110107
1.1387277841567993
1.1287528276443481
1.1241488456726074
1.1373474597930908
1.122795820236206
1.1059919595718384
1.0778628587722778
1.0718114376068115
1.1167359352111816
1.1340727806091309
1.138268232345581
1.1109963655471802
1.0911527872085571
1.0457006692886353
1.0723711252212524
1.0658800601959229
1.073879361152649
1.0490962266921997
1.0287609100341797
1.0421533584594727
1.0438971519470215
1.062022089958191
1.0484052896499634
1.0415526628494263
1.027721643447876
1.0286431312561035
1.0483207702636719
1.0595996379852295
1.0686051845550537
1.0459980964660645
1.0049546957015991
0.9866336584091187
0.9779372215270996
0.9924295544624329
1.0153323411941528
1.0415877103805542
1.0363599061965942
1.0233981609344482
1.0330954790115356
1.0356719493865967
1.0451350212097168
1.0308183431625366
0.9949758648872375
0.9768304824829102
0.9510210752487183
0.9404391646385193
0.9493824243545532
0.9859594702720642
1.004111886024475
1.023194670677185
0.9916267991065979
0.999070405960083
0.9839417934417725
0.9763455390930176
0.9964874982833862
1.035088300704956
1.038743257522583
1.058025598526001
1.0608148574829102
1.0681332349777222
1.0579652786254883
1.0558303594589233
1.0535389184951782
1.0610378980636597
1.0546085834503174
1.0538394451141357
1.0613210201263428
1.020735502243042
1.0175026655197144
1.0201822519302368
1.0463452339172363
1.0595049858093262
1.0328584909439087
1.003016710281372
0.9865402579307556
0.9921510219573975
0.9851983785629272
0.9635271430015564
0.961460292339325
0.9814752340316772
1.0015599727630615
1.0177699327468872
1.0178053379058838
1.0102931261062622
0.9804789423942566
0.9890501499176025
1.0061999559402466
1.0393084287643433
1.0608502626419067
1.0908520221710205
1.1016731262207031
1.091641902923584
1.1050609350204468
1.1337440013885498
1.1400567293167114
1.1352996826171875
1.107469916343689
1.0917061567306519
1.0691499710083008
1.065024495124817
1.0785940885543823
1.104590892791748
1.1248960494995117
1.1460013389587402
1.1600881814956665
1.1679959297180176
1.1583551168441772
1.158215045928955
1.1752498149871826
1.2093161344528198
1.23934805393219
1.2565248012542725
1.2688727378845215
1.2787885665893555
1.272228479385376
1.2706481218338013
1.254151701927185
1.2469640970230103
1.2499949932098389
1.2241266965866089
1.2097476720809937
1.2099283933639526
1.1956744194030762
1.1802089214324951
1.1635574102401733
1.1808652877807617
1.179185390472412
1.159688949584961
1.1643402576446533
1.150516152381897
1.1437209844589233
1.137091875076294
1.1400948762893677
1.1521997451782227
1.1446771621704102
1.1375553607940674
1.1379916667938232
1.1340088844299316
1.1211704015731812
1.1353068351745605
1.1560146808624268
1.1394020318984985
1.144639015197754
1.1261595487594604
1.1256035566329956
1.1421946287155151
1.1429651975631714
1.1451647281646729
1.1588724851608276
1.1688480377197266
1.156586766242981
1.1647568941116333
1.1765884160995483
1.160617709159851
1.1510934829711914
1.150852918624878
1.1440256834030151
1.1341408491134644
1.1189076900482178
1.0936014652252197
1.1017085313796997
1.103914499282837
1.0861433744430542
1.1238641738891602
1.1582854986190796
1.1681506633758545
1.1646608114242554
1.1369502544403076
1.1486616134643555
1.1433206796646118
1.1500760316848755
1.154011845588684
1.1537319421768188
1.1402699947357178
1.1212284564971924
1.1201848983764648
1.1343448162078857
1.1389942169189453
1.1212356090545654
1.1174603700637817
1.129942536354065
1.1359838247299194
1.1468356847763062
1.1706537008285522
1.1842176914215088
1.1873071193695068
1.1842509508132935
1.2097878456115723
1.2125792503356934
1.2020270824432373
1.2050374746322632
1.2228714227676392
1.2122446298599243
1.2316973209381104
1.255715250968933
1.2788465023040771
1.3186248540878296
1.3296692371368408
1.3293468952178955
1.3196797370910645
1.316990613937378
1.2909469604492188
1.2559497356414795
1.2548495531082153
1.2301855087280273
1.1699386835098267
1.15431547164917
1.175713300704956
1.192763328552246
1.2145925760269165
1.24196195602417
1.2731572389602661
1.254224419593811
1.215382695198059
1.2090028524398804
1.2053356170654297
1.2142192125320435
1.249834656715393
1.2599818706512451
1.253361463546753
1.272405743598938
1.247911810874939
1.2333921194076538
1.2344647645950317
1.2773430347442627
1.2982295751571655
1.3025943040847778
1.2988370656967163
1.3021838665008545
1.3004251718521118
1.2694664001464844
1.2595092058181763
1.2546100616455078
1.2910295724868774
1.3221516609191895
1.33974289894104
1.3090635538101196
1.2979151010513306
1.3034995794296265
1.307796597480774
1.3152050971984863
1.3100789785385132
1.3091347217559814
1.299617886543274
1.2803899049758911
1.2462321519851685
1.2290592193603516
1.2285832166671753
1.2475042343139648
1.231087565422058
1.2271766662597656
1.23604416847229
1.2468006610870361
1.228010654449463
1.2115411758422852
1.2024383544921875
1.163455843925476
1.1718395948410034
1.178977608680725
1.197030782699585
1.1794148683547974
1.1764355897903442
1.176729679107666
1.1977424621582031
1.2029953002929688
1.224519968032837
1.231137990951538
1.2286595106124878
1.242945909500122
1.2434332370758057
1.2433488368988037
1.258833408355713
1.245571255683899
1.22135329246521
1.2082056999206543
1.2025477886199951
1.207838535308838
1.2116822004318237
1.2301833629608154
1.235361933708191
1.234982967376709
1.2243499755859375
1.2403037548065186
1.259709119796753
1.2376611232757568
1.2629880905151367
1.2751634120941162
1.244857668876648
1.2373948097229004
1.2224384546279907
1.2151199579238892
1.25412118434906
1.2627122402191162
1.2487422227859497
1.2268028259277344
1.2277843952178955
1.2216253280639648
1.2159262895584106
1.1835583448410034
1.1770188808441162
1.1801180839538574
1.202309250831604
1.2272560596466064
1.2337417602539063
1.254328727722168
1.252232313156128
1.2507740259170532
1.2473657131195068
1.2503838539123535
1.2598397731781006
1.2431737184524536
1.2097457647323608
1.2039366960525513
1.201803207397461
1.2040437459945679
1.228224277496338
1.2526527643203735
1.2726937532424927
1.2759361267089844
1.270103931427002
1.2460455894470215
1.223732352256775
1.222312331199646
1.2171136140823364
1.2028905153274536
1.2077977657318115
1.1858975887298584
1.1960723400115967
1.1989593505859375
1.1953579187393188
1.1727876663208008
1.1596695184707642
1.1481614112854004
1.1130354404449463
1.1187703609466553
1.1171112060546875
1.1077781915664673
1.0996955633163452
1.092879056930542
1.054809808731079
1.0302557945251465
1.0222686529159546
1.0405739545822144
1.0660113096237183
1.0847234725952148
1.1077070236206055
1.1287517547607422
1.12819242477417
1.1301573514938354
1.0981237888336182
1.0669530630111694
1.0621660947799683
1.0634244680404663
1.071038842201233
1.1030014753341675
1.0987197160720825
1.1101560592651367
1.1361849308013916
1.1347100734710693
1.1270478963851929
1.1370782852172852
1.119669795036316
1.1389514207839966
1.164556622505188
1.1786783933639526
1.1869263648986816
1.1913176774978638
1.1943950653076172
1.228867769241333
1.2385056018829346
1.2237502336502075
1.2414416074752808
1.258753776550293
1.2843583822250366
1.305042028427124
1.337950348854065
1.3715801239013672
1.367598056793213
1.3871012926101685
1.4264894723892212
1.4121359586715698
1.4129929542541504
1.4070369005203247
1.4016754627227783
1.3971388339996338
1.3603907823562622
1.3496488332748413
1.3426101207733154
1.3326809406280518
1.3306033611297607
1.3298590183258057
1.3707042932510376
1.3823033571243286
1.3865101337432861
1.3909152746200562
1.425866723060608
1.4509316682815552
1.4859020709991455
1.4784719944000244
1.4665673971176147
1.4472378492355347
1.425660252571106
1.415981650352478
1.4032601118087769
1.4031950235366821
1.4001585245132446
1.4223915338516235
1.4501876831054688
1.4969799518585205
1.530747652053833
1.5339500904083252
1.5165150165557861
1.4804123640060425
1.4495302438735962
1.4514347314834595
1.461096167564392
1.467543363571167
1.468521237373352
1.4768797159194946
1.471506953239441
1.4543150663375854
1.4306583404541016
1.4351962804794312
1.4575871229171753
1.4595825672149658
1.4447503089904785
1.4364697933197021
1.4588263034820557
1.4415949583053589
1.4131397008895874
1.3916021585464478
1.3616496324539185
1.3318595886230469
1.338699460029602
1.3433992862701416
1.344322681427002
1.3675328493118286
1.379188060760498
1.3668897151947021
1.3405839204788208
1.34219229221344
1.3168939352035522
1.3133240938186646
1.3193608522415161
1.3241685628890991
1.3414585590362549
1.322880744934082
1.3049235343933105
1.2975424528121948
1.2911734580993652
1.268885612487793
1.2768149375915527
1.277194619178772
1.2585331201553345
1.245343804359436
1.2351449728012085
1.233807921409607
1.2166601419448853
1.2278327941894531
1.2348426580429077
1.2576698064804077
1.2756597995758057
1.271119475364685
1.278845191001892
1.2716721296310425
1.2648214101791382
1.2634098529815674
1.2870562076568604
1.2851494550704956
1.2698441743850708
1.2661503553390503
1.2685478925704956
1.2436035871505737
1.2327574491500854
1.2475463151931763
1.2562094926834106
1.2426092624664307
1.2663276195526123
1.2824633121490479
1.2740504741668701
1.2836869955062866
1.2873502969741821
1.2967513799667358
1.3058404922485352
1.3098660707473755
1.2991838455200195
1.3116717338562012
1.3007560968399048
1.2830287218093872
1.3188889026641846
1.3487356901168823
1.3520337343215942
1.3438308238983154
1.348160743713379
1.3347223997116089
1.3036329746246338
1.2907570600509644
1.2702614068984985
1.2782690525054932
1.293256402015686
1.3161036968231201
1.3599226474761963
1.3992093801498413
1.3725050687789917
1.3265177011489868
1.2716153860092163
1.2206777334213257
1.1925435066223145
1.1741317510604858
1.170807123184204
1.158496379852295
1.1436541080474854
1.141477108001709
1.1268407106399536
1.1118457317352295
1.1243033409118652
1.1386957168579102
1.1286523342132568
1.1063874959945679
1.101356863975525
1.1047618389129639
1.0750844478607178
1.0506802797317505
1.0620843172073364
1.0615588426589966
1.075865626335144
1.05442214012146
1.0600310564041138
1.063175082206726
1.0738805532455444
1.063254714012146
1.0439666509628296
1.058669924736023
1.0858192443847656
1.0975574254989624
1.0809009075164795
1.08341383934021
1.097625970840454
1.0993547439575195
1.0719940662384033
1.0781052112579346
1.0767157077789307
1.0424139499664307
1.070481300354004
1.0925620794296265
1.0947710275650024
1.0970737934112549
1.061394214630127
1.0490518808364868
1.0466011762619019
1.0457051992416382
1.032577395439148
1.044084906578064
1.0460115671157837
1.0513057708740234
1.0304378271102905
1.0135457515716553
1.0242125988006592
1.028059482574463
1.0573879480361938
1.0816054344177246
1.0992693901062012
1.083113431930542
1.0349994897842407
1.0030229091644287
0.995625913143158
1.0040013790130615
1.0119404792785645
1.0229823589324951
1.0378451347351074
1.0603045225143433
1.0764153003692627
1.0849336385726929
1.0709543228149414
1.0642540454864502
1.0294721126556396
1.0017677545547485
0.9812566637992859
1.0051478147506714
1.0247154235839844
1.0260634422302246
1.0393608808517456
1.0502681732177734
1.0233268737792969
1.015343189239502
1.0127743482589722
0.9984345436096191
0.9611793756484985
0.9454095959663391
0.9409651160240173
0.9630297422409058
0.9636022448539734
0.9822620153427124
0.9917981624603271
1.0077959299087524
1.0159982442855835
1.0082088708877563
1.0077314376831055
0.9630025625228882
0.9533020257949829
0.9548353552818298
0.9672445058822632
0.943721354007721
0.9163207411766052
0.923782229423523
0.9424776434898376
0.9576166868209839
0.9444306492805481
0.9003711938858032
0.8942022323608398
0.8834113478660583
0.9124222993850708
0.9270087480545044
0.9441267848014832
0.9919958114624023
0.9962486624717712
0.9965171217918396
0.9861358404159546
0.9642729163169861
0.9593330025672913
0.9364465475082397
0.9081308841705322
0.9316701889038086
0.9306582808494568
0.9218855500221252
0.9150890707969666
0.9243442416191101
0.942517101764679
0.9418385624885559
0.9434825778007507
0.9613797664642334
0.9988468289375305
1.014940857887268
1.0127450227737427
1.045845866203308
1.0587058067321777
1.082366704940796
1.071093201637268
1.0657685995101929
1.0673258304595947
1.050851821899414
1.0515542030334473
1.0121701955795288
1.0041372776031494
0.9667007327079773
0.9588638544082642
0.970125138759613
0.9683294296264648
0.9733469486236572
0.9930786490440369
1.0198935270309448
1.019791841506958
1.0168975591659546
1.0208983421325684
1.0246953964233398
1.0238234996795654
1.0227339267730713
1.0447713136672974
1.036559820175171
1.0552343130111694
1.0614949464797974
1.032700777053833
1.012919306755066
1.0132465362548828
0.9855892658233643
0.9768897294998169
0.9779947400093079
0.9454237222671509
0.9425691962242126
0.9490881562232971
0.9685690999031067
0.9651409983634949
0.964146077632904
0.9625704288482666
0.9553180932998657
0.9129760265350342
0.8924434781074524
0.8694988489151001
0.8541763424873352
0.8584004044532776
0.8610832095146179
0.8591400980949402
0.8589699864387512
0.846538245677948
0.8553994297981262
0.8615754842758179
0.865303099155426
0.8691286444664001
0.8912895917892456
0.8767182230949402
0.8946659564971924
0.9372575879096985
0.9517804980278015
0.9479385018348694
0.9507750868797302
0.9440480470657349
0.957146942615509
0.9819976091384888
1.0133657455444336
1.0192670822143555
0.9948709607124329
1.0043691396713257
0.9925212264060974
0.9970784783363342
0.9870210886001587
1.0000786781311035
0.9742581248283386
0.9666672348976135
0.9757797122001648
0.9885084629058838
0.9932637810707092
0.9606022238731384
0.9677072763442993
0.9859868288040161
0.940771222114563
0.9505822658538818
0.9622587561607361
0.9263760447502136
0.9216523766517639
0.9143300652503967
0.9293240904808044
0.9331184029579163
0.919079065322876
0.909827709197998
0.8860974311828613
0.8910582065582275
0.9215683937072754
0.9376237988471985
0.9509945511817932
0.969140887260437
0.9807084202766418
0.9942060112953186
0.9900725483894348
0.9755840301513672
0.9394729137420654
0.9293327927589417
0.9454697966575623
0.9469306468963623
0.9779271483421326
1.0052152872085571
1.019819736480713
1.0328216552734375
1.0410839319229126
1.0570261478424072
1.069048285484314
1.0819334983825684
1.070587396621704
1.043953537940979
1.0315661430358887
1.0114226341247559
0.971092939376831
0.9814272522926331
0.975311279296875
0.9751977324485779
0.9984332323074341
0.9976633191108704
1.0023387670516968
0.9935190081596375
0.972517728805542
0.9644656777381897
0.985410749912262
0.987807035446167
0.9820234179496765
1.0046370029449463
1.0158597230911255
0.9934680461883545
1.001154899597168
0.9975836277008057
0.9886096715927124
0.9999900460243225
1.023208737373352
1.0195859670639038
1.0175108909606934
1.0098400115966797
0.9976825714111328
1.0078645944595337
1.0403106212615967
1.0369148254394531
1.0129035711288452
0.9954559803009033
1.0069998502731323
1.0141748189926147
1.0401943922042847
1.0620039701461792
1.0626561641693115
1.061124324798584
1.0514274835586548
1.0538443326950073
1.0714508295059204
1.0638829469680786
1.059511423110962
1.05046546459198
1.0440860986709595
1.055724859237671
1.0856024026870728
1.1198748350143433
1.1304773092269897
1.1142808198928833
1.0905731916427612
1.0967271327972412
1.0538859367370605
1.017142653465271
0.9915615320205688
1.0086573362350464
1.0194225311279297
1.0417505502700806
1.0875935554504395
1.0939748287200928
1.1229346990585327
1.114659309387207
1.1213710308074951
1.113857626914978
1.1101959943771362
1.1139417886734009
1.0853232145309448
1.0585145950317383
1.0456297397613525
1.0152792930603027
1.0221433639526367
1.008596420288086
0.9990191459655762
0.9819707870483398
0.9964999556541443
0.9977936148643494
1.0175962448120117
1.0471148490905762
1.0481199026107788
1.051832914352417
1.0634775161743164
1.075029969215393
1.0848191976547241
1.0894438028335571
1.0686482191085815
1.0412623882293701
1.0357775688171387
1.069780945777893
1.0912537574768066
1.0873463153839111
1.0985770225524902
1.082931399345398
1.061737060546875
1.0554825067520142
1.0524499416351318
1.0634901523590088
1.0516810417175293
1.0607061386108398
1.074656367301941
1.084938406944275
1.0517138242721558
1.031869888305664
1.034719705581665
1.020690679550171
1.044768214225769
1.0726488828659058
1.1052987575531006
1.127286434173584
1.1188504695892334
1.0913017988204956
1.0885897874832153
1.08793044090271
1.0868843793869019
1.1064774990081787
1.1051400899887085
1.0861002206802368
1.0803622007369995
1.0896477699279785
1.0952814817428589
1.1058990955352783
1.1184535026550293
1.1301989555358887
1.1147595643997192
1.1050671339035034
1.1236175298690796
1.103906512260437
1.099220871925354
1.0696344375610352
1.0655587911605835
1.0665714740753174
1.0680071115493774
1.0998342037200928
1.1068212985992432
1.1232563257217407
1.1098231077194214
1.1098486185073853
1.133669376373291
1.142288088798523
1.129406213760376
1.1392279863357544
1.179197907447815
1.2119640111923218
1.2358430624008179
1.2084288597106934
1.163124680519104
1.1295109987258911
1.1152185201644897
1.0993735790252686
1.0901929140090942
1.072788119316101
1.080317735671997
1.0652918815612793
1.0482494831085205
1.0154540538787842
0.9965516924858093
1.0126395225524902
1.0349187850952148
1.0017845630645752
0.9708889722824097
0.9518085718154907
0.9416118264198303
0.9492963552474976
0.9376167058944702
0.9238069653511047
0.9312839508056641
0.953988254070282
0.948743462562561
0.9448629021644592
0.9659013152122498
0.9667052626609802
0.9712656736373901
0.9882782697677612
1.0038362741470337
1.0071907043457031
1.0109868049621582
1.021559476852417
1.0441035032272339
1.0441036224365234
