0.0
0.03075828216969967
0.04428981989622116
0.0744984969496727
0.08653797954320908
0.09773439168930054
0.12467820942401886
0.1360841691493988
0.15247122943401337
0.16342881321907043
0.1632695496082306
0.16170263290405273
0.15885896980762482
0.15588143467903137
0.1562870442867279
0.16058817505836487
0.17234398424625397
0.17995230853557587
0.1961580067873001
0.20986522734165192
0.2221408635377884
0.22630934417247772
0.23577053844928741
0.25263458490371704
0.2638073265552521
0.275433212518692
0.2655324637889862
0.264965295791626
0.2644561529159546
0.2647008001804352
0.26621121168136597
0.2698623239994049
0.2706072926521301
0.28184667229652405
0.28247949481010437
0.2903227210044861
0.29929259419441223
0.3099232614040375
0.31857261061668396
0.3274121582508087
0.33223703503608704
0.33247119188308716
0.3329099118709564
0.3357497751712799
0.341562420129776
0.34231212735176086
0.34415990114212036
0.3492840528488159
0.35685157775878906
0.35767972469329834
0.3651672303676605
0.3737536072731018
0.3819286823272705
0.38959866762161255
0.39896443486213684
0.4090287685394287
0.4184117615222931
0.42865267395973206
0.43880754709243774
0.4484064280986786
0.45884862542152405
0.46838027238845825
0.4780625104904175
0.48642614483833313
0.4941829741001129
0.4978230893611908
0.4969256818294525
0.49590006470680237
0.49513110518455505
0.494842529296875
0.49476006627082825
0.4958104193210602
0.4977291524410248
0.5009421110153198
0.5064870715141296
0.5070987343788147
0.5119280219078064
0.5159624814987183
0.5205796360969543
0.5208327174186707
0.5256784558296204
0.5372489094734192
0.5367291569709778
0.5370235443115234
0.5465707778930664
0.5441027879714966
0.5491318702697754
0.553856372833252
0.5593336820602417
0.5610815286636353
0.5614537596702576
0.5624606609344482
0.5643696784973145
0.5649411678314209
0.5672029852867126
0.5672720074653625
0.5687397718429565
0.5704106688499451
0.5726750493049622
0.5728206634521484
0.5771454572677612
0.5757660865783691
0.5779356360435486
0.580520749092102
0.5837321281433105
0.5846333503723145
0.5907037854194641
0.5952818393707275
0.5960103273391724
0.596587061882019
0.6004655361175537
0.6042987704277039
0.6091500520706177
0.6131943464279175
0.6166160702705383
0.6219891905784607
0.6221744418144226
0.6256672143936157
0.6303494572639465
0.6332012414932251
0.633713960647583
0.6369630098342896
0.6409105062484741
0.640342116355896
0.639625072479248
0.637592613697052
0.6379474401473999
0.6369602084159851
0.6354865431785583
0.6338520646095276
0.6327129006385803
0.6326724886894226
0.6320130228996277
0.6312484741210938
0.6307272911071777
0.6304084658622742
0.6305989027023315
0.6309624910354614
0.6314576268196106
0.6313778758049011
0.6318410634994507
0.632722020149231
0.6328076720237732
0.633482038974762
0.6347834467887878
0.6343543529510498
0.6350772380828857
0.6357551217079163
0.637271523475647
0.6374516487121582
0.6389142870903015
0.640577495098114
0.6437615156173706
0.6433019042015076
0.6450496315956116
0.6467682123184204
0.6485515236854553
0.6500923037528992
0.6515610814094543
0.6530251502990723
0.6550256013870239
0.6552301049232483
0.6586923599243164
0.6575052738189697
0.6588318347930908
0.6605020761489868
0.660780668258667
0.6642580032348633
0.6645256280899048
0.6664472222328186
0.6662093997001648
0.6672582626342773
0.6673606038093567
0.6672609448432922
0.6672605872154236
0.6672393083572388
0.6669442653656006
0.6668578386306763
0.6663193702697754
0.6657617688179016
0.6658549308776855
0.6658385396003723
0.6658138632774353
0.6660078763961792
0.6665642857551575
0.6665164232254028
0.6671055555343628
0.668164074420929
0.6677883863449097
0.6681779026985168
0.6683674454689026
0.6686703562736511
0.6688482761383057
0.6690337061882019
0.6693307757377625
0.669955313205719
0.6699568629264832
0.6705694794654846
0.6716283559799194
0.6716980338096619
0.6724775433540344
0.6731792092323303
0.673884391784668
0.6748221516609192
0.6746747493743896
0.6751131415367126
0.675439715385437
0.6757626533508301
0.6762221455574036
0.6760111451148987
0.6761921048164368
0.6766995191574097
0.6766902804374695
0.6767070293426514
0.6770693063735962
0.6776331663131714
0.6779443025588989
0.6792522072792053
0.6787858605384827
0.6794365644454956
0.6794490814208984
0.6797516942024231
0.6807724237442017
0.6802552342414856
0.6804376244544983
0.6804160475730896
0.6802255511283875
0.6802211403846741
0.6803001165390015
0.6804397106170654
0.6806505918502808
0.6808839440345764
0.681242048740387
0.6815855503082275
0.6818619966506958
0.6825787425041199
0.6829352378845215
0.683083713054657
0.6833343505859375
0.68329918384552
0.6838237643241882
0.6844204664230347
0.6850724220275879
0.6857262849807739
0.686444103717804
0.68730229139328
0.6884821653366089
0.6893154382705688
0.6903054714202881
0.6912856698036194
0.6922141909599304
0.6934009194374084
0.6943740248680115
0.695530354976654
0.6965988874435425
0.6992191672325134
0.7005888223648071
0.7000316977500916
0.7015084028244019
0.7030496597290039
0.7043771743774414
0.7068846821784973
0.7066388726234436
0.7083797454833984
0.7102205753326416
0.7119946479797363
0.7128828763961792
0.7151026725769043
0.7160826325416565
0.7162263989448547
0.7165316343307495
0.7172702550888062
0.7170829772949219
0.7173881530761719
0.7181683778762817
0.717875599861145
0.7181922793388367
0.7186599373817444
0.7190936803817749
0.7194415330886841
0.719821572303772
0.7201522588729858
0.7202473878860474
0.720690906047821
0.7209910154342651
0.7212643623352051
0.7213111519813538
0.7216808199882507
0.7219641804695129
0.7221421599388123
0.7225232124328613
0.7228761315345764
0.7233096361160278
0.7238094210624695
0.7240742444992065
0.7244658470153809
0.7248591184616089
0.7255833148956299
0.7260322570800781
0.7258731722831726
0.7263409495353699
0.7268863320350647
0.7271656394004822
0.7277916073799133
0.7285234332084656
0.7298389673233032
0.7295600771903992
0.7303469181060791
0.7310976982116699
0.7318786382675171
0.7325401306152344
0.7333406805992126
0.7342231273651123
0.7354873418807983
0.7353488802909851
0.7379050850868225
0.7368155121803284
0.738358736038208
0.7383876442909241
0.738928496837616
0.7400104403495789
0.7423698306083679
0.7414783835411072
0.7423924803733826
0.7439064979553223
0.7439938187599182
0.7449617981910706
0.7459961771965027
0.7464207410812378
0.747552216053009
0.7484829425811768
0.7494235634803772
0.7503077387809753
0.7511350512504578
0.7520864009857178
0.7523781657218933
0.7531994581222534
0.7540138363838196
0.754754364490509
0.7555582523345947
0.7555408477783203
0.7554464936256409
0.7554060816764832
0.755285918712616
0.7550491094589233
0.7546744346618652
0.7544033527374268
0.7542574405670166
0.7541087865829468
0.7539316415786743
0.7539594769477844
0.7538588643074036
0.7537893652915955
0.7536975741386414
0.7536497116088867
0.7535555362701416
0.7535515427589417
0.7535939812660217
0.7536377310752869
0.7536872029304504
0.7538068890571594
0.7538337707519531
0.7539171576499939
0.7540332674980164
0.7542001605033875
0.7544761300086975
0.7545648813247681
0.7545424103736877
0.7547537684440613
0.7549453377723694
0.7550223469734192
0.7553508281707764
0.7553039789199829
0.7554997205734253
0.7557220458984375
0.7563907504081726
0.7560616135597229
0.7562863230705261
0.756518542766571
0.756635844707489
0.7569649815559387
0.7573130130767822
0.7575451731681824
0.7575995922088623
0.7577536106109619
0.7578961253166199
0.7579938173294067
0.7582622170448303
0.7581509947776794
0.7582303881645203
0.7582409381866455
0.7582253813743591
0.7582488656044006
0.7582622170448303
0.7582699060440063
0.7583860754966736
0.7583441734313965
0.7583944201469421
0.7584475874900818
0.7585204839706421
0.762292206287384
0.7676202058792114
0.7722534537315369
0.778541088104248
0.7808465361595154
0.7816332578659058
0.7805804014205933
0.7756062150001526
0.7703447937965393
0.7674420475959778
0.7697223424911499
0.775188684463501
0.779707670211792
0.7815254330635071
0.7778547406196594
0.7743290662765503
0.7742173671722412
0.7741161584854126
0.7730645537376404
0.7742477655410767
0.7781094312667847
0.7844828367233276
0.7915440201759338
0.7957033514976501
0.7989952564239502
0.8022295832633972
0.8071662783622742
0.8124805688858032
0.8196923136711121
0.8221381902694702
0.8246585130691528
0.8243207335472107
0.8229343891143799
0.821253776550293
0.8194023370742798
0.8180644512176514
0.8107020258903503
0.8071161508560181
0.805352509021759
0.8046495914459229
0.8022633194923401
0.7957008481025696
0.7872747182846069
0.7849833965301514
0.7869930267333984
0.7879298329353333
0.7833277583122253
0.7791815400123596
0.7761948704719543
0.7742152214050293
0.7705773711204529
0.7656025290489197
0.7623010277748108
0.7611490488052368
0.7584750056266785
0.7561482191085815
0.7572406530380249
0.7615806460380554
0.7673541307449341
0.7725916504859924
0.7757626175880432
0.777204692363739
0.7740594744682312
0.7706782221794128
0.7679335474967957
0.769960880279541
0.7732980847358704
0.777816891670227
0.7830110788345337
0.7865846157073975
0.7873749136924744
0.7864696979522705
0.7869311571121216
0.7834185361862183
0.7819921970367432
0.7790340185165405
0.7767928838729858
0.7695409059524536
0.7648029327392578
0.7610438466072083
0.7605070471763611
0.7608453035354614
0.7660672068595886
0.7754198312759399
0.7838107943534851
0.7860098481178284
0.7849282026290894
0.7841067314147949
0.7846550941467285
0.792956531047821
0.8003443479537964
0.8083066344261169
0.8089783787727356
0.8087432384490967
0.8066016435623169
0.8080013394355774
0.8074327111244202
0.8084184527397156
0.8090475797653198
0.8126468658447266
0.8146111369132996
0.8129518628120422
0.8110499382019043
0.8132852911949158
0.8090059161186218
0.8064349293708801
0.8008062243461609
0.794490396976471
0.790442943572998
0.7920005917549133
0.7971737384796143
0.7988664507865906
0.7988975644111633
0.7991001009941101
0.799283504486084
0.7997618317604065
0.8029903173446655
0.8062931895256042
0.808157742023468
0.8027714490890503
0.7982125282287598
0.793808102607727
0.7903527617454529
0.7858726978302002
0.7859984636306763
0.7821629047393799
0.7801902890205383
0.7744806408882141
0.7702312469482422
0.7686575055122375
0.7697566747665405
0.7757261395454407
0.7845101952552795
0.7913309335708618
0.7903658151626587
0.7852814793586731
0.7794551253318787
0.7752751111984253
0.7741376757621765
0.7719608545303345
0.7654672861099243
0.7598154544830322
0.759777843952179
0.7562956213951111
0.7574906349182129
0.7581608295440674
0.7566117644309998
0.7545214295387268
0.7576757669448853
0.7615776658058167
0.7655518651008606
0.7687341570854187
0.7732508778572083
0.7778111100196838
0.7795751094818115
0.7826330661773682
0.7877271771430969
0.7927330732345581
0.7954537868499756
0.7968510389328003
0.8000320792198181
0.8022093772888184
0.8015578985214233
0.7957014441490173
0.7928807735443115
0.7922446131706238
0.7958618402481079
0.7993645071983337
0.8000282049179077
0.8015774488449097
0.8020935654640198
0.8007144331932068
0.79851895570755
0.7951420545578003
0.7920678853988647
0.7895092964172363
0.7928350567817688
0.7980039119720459
0.8020193576812744
0.8058850169181824
0.8110660314559937
0.8183855414390564
0.8226378560066223
0.8233984708786011
0.8237981796264648
0.8234403133392334
0.819129467010498
0.819033145904541
0.8171312212944031
0.8142785429954529
0.8104358911514282
0.8086207509040833
0.809248685836792
0.8086954951286316
0.8123834133148193
0.8136757016181946
0.8161967992782593
0.8196384906768799
0.8204437494277954
0.8149362206459045
0.8092912435531616
0.8079475164413452
0.8088195323944092
0.8097531199455261
0.8103834390640259
0.8131824135780334
0.8148332834243774
0.8192729949951172
0.8214691877365112
0.8250812292098999
0.8308414220809937
0.8404962420463562
0.8492540717124939
0.8510945439338684
0.8516896367073059
0.8520799279212952
0.8575820922851563
0.8639393448829651
0.8665576577186584
0.8623386025428772
0.859157919883728
0.8603242039680481
0.8635886907577515
0.8650083541870117
0.8643950819969177
0.8579999804496765
0.8546213507652283
0.8533825278282166
0.8568025231361389
0.857597291469574
0.8589863777160645
0.8609728217124939
0.8622720241546631
0.8584983944892883
0.8555528521537781
0.8554781675338745
0.8545275330543518
0.8542241454124451
0.8529474139213562
0.852935254573822
0.8554522395133972
0.8585870862007141
0.8649562001228333
0.8691362142562866
0.8709965944290161
0.8702898025512695
0.8685816526412964
0.872173547744751
0.8708034157752991
0.8696932196617126
0.8689602017402649
0.8699426651000977
0.8671292066574097
0.8664776086807251
0.8655914664268494
0.8633049130439758
0.8592759370803833
0.8558836579322815
0.8531357645988464
0.8478251695632935
0.839163064956665
0.8280024528503418
0.8203164935112
0.813349187374115
0.8070253133773804
0.8027365803718567
0.8019551038742065
0.802221417427063
0.8028976917266846
0.8078243732452393
0.8099721670150757
0.8067317008972168
0.8035442233085632
0.7991017699241638
0.799176037311554
0.7978558540344238
0.8024645447731018
0.8101446628570557
0.8177328705787659
0.8162808418273926
0.8106531500816345
0.8029265999794006
0.7968843579292297
0.7933971285820007
0.7916232943534851
0.7929510474205017
0.7997227907180786
0.8048524260520935
0.807509183883667
0.8099438548088074
0.8090619444847107
0.8100075125694275
0.8172188997268677
0.8211624026298523
0.8211496472358704
0.8198877573013306
0.816917896270752
0.8170719742774963
0.8155139088630676
0.8169189095497131
0.8203708529472351
0.8232673406600952
0.8247105479240417
0.8261430263519287
0.831102192401886
0.8324984908103943
0.8320322632789612
0.8312065005302429
0.8299385905265808
0.82652348279953
0.8295509815216064
0.8290413618087769
0.8259672522544861
0.821418821811676
0.8210065364837646
0.8213180303573608
0.8226492404937744
0.8208287358283997
0.8212206959724426
0.8246231079101563
0.8294695019721985
0.8347458839416504
0.8366354703903198
0.8390434980392456
0.8427479267120361
0.8412962555885315
0.8361139893531799
0.8307080268859863
0.8309963941574097
0.8360450267791748
0.8383961915969849
0.8358334898948669
0.8313257694244385
0.8299107551574707
0.8312926888465881
0.8353095054626465
0.837734580039978
0.834205150604248
0.8322882652282715
0.827647864818573
0.8233484625816345
0.8215654492378235
0.8190871477127075
0.8153756260871887
0.8142089247703552
0.812269389629364
0.8134722113609314
0.8174468278884888
0.8235118389129639
0.8241404891014099
0.8224905729293823
0.8213289976119995
0.8220627307891846
0.8228576183319092
0.8198398351669312
0.8177119493484497
0.8135871291160583
0.80818110704422
0.8030999302864075
0.8001004457473755
0.7923179268836975
0.7839695811271667
0.7807765007019043
0.7820721864700317
0.7853736877441406
0.792648196220398
0.7982007265090942
0.8005805015563965
0.8015487194061279
0.8072611689567566
0.8091201186180115
0.8099576830863953
0.8083178997039795
0.8113996386528015
0.8169087767601013
0.821219265460968
0.8219909071922302
0.8213693499565125
0.8187187314033508
0.819963276386261
0.8223830461502075
0.8269102573394775
0.8304286599159241
0.830767035484314
0.8280972242355347
0.8247361183166504
0.8208745121955872
0.8259173631668091
0.8344651460647583
0.8408399224281311
0.8457954525947571
0.84818035364151
0.8460323214530945
0.8415098190307617
0.8369213938713074
0.8361971974372864
0.8359365463256836
0.833996057510376
0.8283312916755676
0.8218582272529602
0.8226136565208435
0.8231710195541382
0.8234817385673523
0.816684901714325
0.8098016381263733
0.8074588179588318
0.80765700340271
0.8079469799995422
0.8066984415054321
0.8097634315490723
0.813193678855896
0.8180669546127319
0.8278095722198486
0.8363758325576782
0.8407048583030701
0.8437356948852539
0.8437824845314026
0.8448103666305542
0.845718502998352
0.8449272513389587
0.8450965285301208
0.8433911204338074
0.8386306762695313
0.8376805782318115
0.8322616219520569
0.8325222730636597
0.8385791182518005
0.8457823991775513
0.8493184447288513
0.8459005951881409
0.8442382216453552
0.8424124717712402
0.8406417369842529
0.8359360694885254
0.830355703830719
0.8221135139465332
0.8183260560035706
0.8144801259040833
0.8077653646469116
0.8009917140007019
0.7985652685165405
0.7958673238754272
0.7909680604934692
0.7841051816940308
0.7775013446807861
0.7766278982162476
0.7780492305755615
0.7788059711456299
0.778634786605835
0.7781556844711304
0.7754950523376465
0.7739454507827759
0.7730310559272766
0.773409366607666
0.7766993641853333
0.7784438729286194
0.7835317254066467
0.7867241501808167
0.7921255230903625
0.7988952994346619
0.8012843728065491
0.8028807044029236
0.8029462099075317
0.8032374382019043
0.8005626201629639
0.7971947193145752
0.7938781976699829
0.7916945815086365
0.7827057838439941
0.7728027105331421
0.7621938586235046
0.7554534077644348
0.7553399801254272
0.7529702186584473
0.7500863671302795
0.74781334400177
0.7472373843193054
0.7462846040725708
0.7415209412574768
0.7463535666465759
0.7546241283416748
0.7617538571357727
0.7702146768569946
0.7801238894462585
0.7873672842979431
0.7943211793899536
0.7931139469146729
0.7915127277374268
0.789863646030426
0.7884266972541809
0.7896056771278381
0.789955735206604
0.7946589589118958
0.7955020070075989
0.7950379848480225
0.8039699196815491
0.8098183870315552
0.8123106956481934
0.8097734451293945
0.8084132075309753
0.8102729916572571
0.8107908368110657
0.8080795407295227
0.801861047744751
0.7968598008155823
0.7958688735961914
0.7969755530357361
0.7962358593940735
0.7936429977416992
0.7906007170677185
0.783578634262085
0.7789278626441956
0.7798351049423218
0.7860618829727173
0.789082407951355
0.7831129431724548
0.7750285863876343
0.767034113407135
0.7643671631813049
0.7615377902984619
0.7585316896438599
0.7590304017066956
0.7561497688293457
0.7545862197875977
0.7515491843223572
0.7512481808662415
0.7521762251853943
0.7573806643486023
0.7623002529144287
0.7661781907081604
0.7667979598045349
0.7685855627059937
0.7707892060279846
0.7721529006958008
0.7711755037307739
0.7675221562385559
0.763268768787384
0.7629619240760803
0.7657997608184814
0.7700115442276001
0.769676685333252
0.7714104652404785
0.7737786173820496
0.7762779593467712
0.7754598259925842
0.7759343385696411
0.7761219143867493
0.780231237411499
0.7860714197158813
0.7921581864356995
0.7976968288421631
0.7986720204353333
0.800787627696991
0.8019115924835205
0.8027938604354858
0.8078462481498718
0.8177856206893921
0.8300454020500183
0.8421262502670288
0.8489171266555786
0.8542523980140686
0.8535195589065552
0.8569718599319458
0.8575361967086792
0.8600380420684814
0.8626405000686646
0.8697936534881592
0.8730266094207764
0.8760185837745667
0.8785428404808044
0.8778432011604309
0.8747872114181519
0.8719667196273804
0.8698344230651855
0.8648785948753357
0.8636454343795776
0.8627718687057495
0.8615913391113281
0.857258141040802
0.8524967432022095
0.8498168587684631
0.8482558131217957
0.8448313474655151
0.8422364592552185
0.8417292237281799
0.8458378911018372
0.8498815298080444
0.8543518781661987
0.8582403063774109
0.858923614025116
0.8563348650932312
0.8503300547599792
0.8443835377693176
0.8441698551177979
0.8434960246086121
0.841350257396698
0.8381420373916626
0.8319096565246582
0.8238126039505005
0.8150144219398499
0.8067669868469238
0.7994239926338196
0.795373797416687
0.7937997579574585
0.793597936630249
0.7998374104499817
0.8099546432495117
0.8147663474082947
0.8155182600021362
0.8157492280006409
0.8151337504386902
0.8193970322608948
0.8250181078910828
0.8307144641876221
0.8381859064102173
0.8433698415756226
0.8472266793251038
0.8519245982170105
0.8603770136833191
0.8705435991287231
0.8762235045433044
0.8810667395591736
0.884283185005188
0.8844271898269653
0.8819389343261719
0.8830384612083435
0.887010931968689
0.8960508704185486
0.905166506767273
0.91236811876297
0.9156887531280518
0.9194590449333191
0.9240551590919495
0.9271758794784546
0.9243895411491394
0.9190857410430908
0.9160629510879517
0.9158050417900085
0.9203570485115051
0.9279342889785767
0.9328183531761169
0.935361385345459
0.937238335609436
0.9384056925773621
0.9412355422973633
0.943834662437439
0.9438180923461914
0.9426274299621582
0.9468522071838379
0.9556968212127686
0.9653134942054749
0.974717378616333
0.9838123917579651
0.9880572557449341
0.9888715147972107
0.9914960861206055
0.9960468411445618
1.0033152103424072
1.0115621089935303
1.0190449953079224
1.0284043550491333
1.0351834297180176
1.039053201675415
1.0455955266952515
1.0510039329528809
1.0619765520095825
1.076867699623108
1.091044306755066
1.1004375219345093
1.1104369163513184
1.116436243057251
1.1198046207427979
1.1212607622146606
1.1243150234222412
1.127623438835144
1.1275054216384888
1.1243761777877808
1.1206927299499512
1.1167867183685303
1.1165573596954346
1.1169284582138062
1.115123987197876
1.1101866960525513
1.1046024560928345
1.0976483821868896
1.0897839069366455
1.0845190286636353
1.0800118446350098
1.0758973360061646
1.072364330291748
1.0643727779388428
1.0581141710281372
1.052204966545105
1.048094391822815
1.0442687273025513
1.042205810546875
1.041448950767517
1.0423736572265625
1.041614055633545
1.04014253616333
1.0382590293884277
1.0392439365386963
1.0431405305862427
1.044028878211975
1.0407016277313232
1.0360535383224487
1.030877709388733
1.0257142782211304
1.0225378274917603
1.0170154571533203
1.010459542274475
1.0018259286880493
0.9938168525695801
0.9855864644050598
0.9801106452941895
0.9785997271537781
0.9796148538589478
0.9803416728973389
0.9743281006813049
0.9674026966094971
0.9593042731285095
0.9532861709594727
0.9471446871757507
0.9448798298835754
0.9456473588943481
0.9460284113883972
0.9444748759269714
0.9380587935447693
0.9368196725845337
0.9406517148017883
0.9447644352912903
0.947702169418335
0.9478325843811035
0.9496225714683533
0.9560624361038208
0.9612670540809631
0.9635517001152039
0.9684246182441711
0.972902774810791
0.9743747711181641
0.9715830087661743
0.9672842025756836
0.9627121686935425
0.9623287916183472
0.9662976264953613
0.9686828851699829
0.9711864590644836
0.9722822904586792
0.9735171794891357
0.9760951399803162
0.9759865999221802
0.973741352558136
0.9721106290817261
0.9713321924209595
0.9697454571723938
0.9668979048728943
0.9609141945838928
0.9561376571655273
0.9528632760047913
0.954409122467041
0.9592406749725342
0.9597565531730652
0.9585472345352173
0.9539390802383423
0.9511966109275818
0.9473134875297546
0.9420294165611267
0.9360889792442322
0.9306973814964294
0.9260431528091431
0.9243855476379395
0.9245579242706299
0.9263852834701538
0.9304111003875732
0.9311007261276245
0.9266853332519531
0.9135705232620239
0.8976236581802368
0.8851824402809143
0.8741692304611206
0.8625642657279968
0.8546684980392456
0.8476304411888123
0.8432314395904541
0.840546727180481
0.8312690258026123
0.8191660046577454
0.8064039349555969
0.797149658203125
0.7898721694946289
0.7832050919532776
0.7819414734840393
0.7794413566589355
0.7814736366271973
0.7823371291160583
0.7865884900093079
0.7866067886352539
0.7906020283699036
0.7957926392555237
0.800286054611206
0.7999346852302551
0.8008651733398438
0.8028210997581482
0.8049899339675903
0.8044541478157043
0.8051439523696899
0.8074814677238464
0.8098288178443909
0.8127690553665161
0.8113715052604675
0.8069207072257996
0.8057630658149719
0.8098832964897156
0.8186620473861694
0.8271938562393188
0.8358468413352966
0.8360176682472229
0.8380934000015259
0.8416885137557983
0.8494212627410889
0.8573444485664368
0.8624534606933594
0.867469310760498
0.8684565424919128
0.8694258332252502
0.8695340752601624
0.8781237006187439
0.8829706311225891
0.8874780535697937
0.889761209487915
0.895928144454956
0.8997632265090942
0.905254602432251
0.9136497378349304
0.9180238246917725
0.9216161370277405
0.925488293170929
0.9263814091682434
0.9249277710914612
0.9224076867103577
0.9229461550712585
0.9258008599281311
0.9274003505706787
0.9299719333648682
0.9355286359786987
0.9377201199531555
0.936785101890564
0.9369580149650574
0.9393054842948914
0.9422577023506165
0.9467025399208069
0.948201060295105
0.9515080451965332
0.9545296430587769
0.9597800374031067
0.9650641083717346
0.9710186123847961
0.972295880317688
0.9685497879981995
0.9654566049575806
0.9633750319480896
0.9584187269210815
0.9491708278656006
0.9419102072715759
0.931423544883728
0.9207583069801331
0.9082014560699463
0.8947547674179077
0.8878626823425293
0.8833616971969604
0.8851941227912903
0.884685754776001
0.8868780732154846
0.8876292109489441
0.8898076415061951
0.8844715356826782
0.8823476433753967
0.8773783445358276
0.8745322823524475
0.8717882633209229
0.873691976070404
0.8776846528053284
0.8802965879440308
0.8819851279258728
0.8836925029754639
0.8921538591384888
0.9039618968963623
0.9155582785606384
0.9250324368476868
0.9294148683547974
0.9293842911720276
0.9263139367103577
0.9254428148269653
0.9247893691062927
0.9260442852973938
0.9283932447433472
0.929237425327301
0.9239438772201538
0.9172841310501099
0.9114952683448792
0.9090125560760498
0.9049358367919922
0.8985917568206787
0.8942120671272278
0.8949898481369019
0.8996955156326294
0.897657036781311
0.8909712433815002
0.8854849338531494
0.8822396397590637
0.8824853897094727
0.8826777338981628
0.8800857663154602
0.8762253522872925
0.8742541074752808
0.8763347268104553
0.8788890242576599
0.8786202073097229
0.8749323487281799
0.8707087635993958
0.8671919107437134
0.8708772659301758
0.8736427426338196
0.8723960518836975
0.8714775443077087
0.8705196976661682
0.875464916229248
0.8794489502906799
0.888664960861206
0.8974029421806335
0.9054908752441406
0.9139745831489563
0.9208592772483826
0.9244049191474915
0.9255221486091614
0.9286538362503052
0.9340701699256897
0.9412415623664856
0.9523786306381226
0.9634732604026794
0.9693118333816528
0.9730204343795776
0.9742692708969116
0.9741880297660828
0.9756349325180054
0.9745555520057678
0.9692580103874207
0.9656697511672974
0.9600884914398193
0.9576778411865234
0.9530178308486938
0.9482085704803467
0.9377663731575012
0.9294210076332092
0.9266988039016724
0.9263661503791809
0.9233396649360657
0.9228556156158447
0.9197208881378174
0.9172912836074829
0.9139048457145691
0.9065526723861694
0.9058384895324707
0.9077977538108826
0.9119489789009094
0.9137767553329468
0.9183684587478638
0.9188292026519775
0.9136939644813538
0.9096651077270508
0.9114486575126648
0.9217132925987244
0.9305928349494934
0.9376741051673889
0.9404770731925964
0.9372960925102234
0.9362596869468689
0.9384018778800964
0.9488544464111328
0.9577165842056274
0.9596972465515137
0.9562989473342896
0.9494315981864929
0.9437313079833984
0.9390637278556824
0.9361393451690674
0.9370846748352051
0.9380567073822021
0.9415029287338257
0.9471608996391296
0.9492325186729431
0.9505197405815125
0.9484135508537292
0.9473695158958435
0.9451000690460205
0.9436644911766052
0.9442115426063538
0.9450449347496033
0.9529246687889099
0.9596494436264038
0.965494692325592
0.9661279916763306
0.9665901064872742
0.9681639075279236
0.966618001461029
0.966719925403595
0.9666948914527893
0.9678398370742798
0.9643556475639343
0.9598965644836426
0.957829475402832
0.9556909203529358
0.9537886381149292
0.9574204087257385
0.9608758091926575
0.963317334651947
0.9639043807983398
0.969767153263092
0.9742629528045654
0.977053701877594
0.979276180267334
0.9818905591964722
0.9808650016784668
0.9822114706039429
0.9851945042610168
0.9898607730865479
0.9935190677642822
0.992742657661438
0.9907101392745972
0.9878420829772949
0.9845044612884521
0.979917585849762
0.974574863910675
0.9654985070228577
0.9551129341125488
0.9435004591941833
0.932035505771637
0.9234590530395508
0.9173866510391235
0.9151223301887512
0.9157693386077881
0.9149492979049683
0.912095844745636
0.9107493758201599
0.9081181287765503
0.9073246717453003
0.9115514159202576
0.9168374538421631
0.9220597743988037
0.9220110177993774
0.9208549857139587
0.924915611743927
0.9257525205612183
0.9312058091163635
0.9323022365570068
0.9276801943778992
0.9226909875869751
0.9196399450302124
0.9207539558410645
0.9237515330314636
0.9298226833343506
0.9370588660240173
0.9440550804138184
0.9450598955154419
0.9432908296585083
0.9390442967414856
0.9366565346717834
0.9366524815559387
0.9356129765510559
0.9389142394065857
0.9351645708084106
0.9293482303619385
0.9175519347190857
0.9056280851364136
0.8986158967018127
0.8945136070251465
0.8926220536231995
0.8899298310279846
0.888892412185669
0.8860624432563782
0.8787381052970886
0.8694735169410706
0.8629608154296875
0.8586600422859192
0.8623554706573486
0.8639211654663086
0.8698543906211853
0.8766404986381531
0.8784906268119812
0.8733864426612854
0.8699713945388794
0.8685404658317566
0.8695324063301086
0.8714790940284729
0.8727834820747375
0.8747091293334961
0.8722353577613831
0.8693950176239014
0.862541913986206
0.8601890802383423
0.8590105772018433
0.8586523532867432
0.8574976921081543
0.858496367931366
0.8625262379646301
0.8648633360862732
0.8720238208770752
0.8741892576217651
0.8783026933670044
0.8797075748443604
0.8797524571418762
0.8867969512939453
0.8971656560897827
0.9084135293960571
0.9131227135658264
0.9139597415924072
0.9142742156982422
0.9174954891204834
0.9251847267150879
0.9329231977462769
0.9360089302062988
0.9379124641418457
0.9363632202148438
0.9320799112319946
0.9247654676437378
0.9138683080673218
0.9041925668716431
0.9022221565246582
0.9001511931419373
0.8967251777648926
0.8935144543647766
0.8852903842926025
0.8776559829711914
0.8712431192398071
0.863556444644928
0.8569200038909912
0.8506240844726563
0.8446195721626282
0.8390591144561768
0.8392400145530701
0.8373842835426331
0.8366562724113464
0.8317360877990723
0.821986973285675
0.8197789192199707
0.8163824677467346
0.8185470104217529
0.8231551647186279
0.8240540027618408
0.8226461410522461
0.8181763291358948
0.8175646066665649
0.8183307647705078
0.8186796307563782
0.8135893940925598
0.7996503710746765
0.7858602404594421
0.7758888006210327
0.7730432152748108
0.77000492811203
0.7644897103309631
0.7689612507820129
0.7662095427513123
0.7667953968048096
0.7693449258804321
0.7686888575553894
0.7755262851715088
0.7797310948371887
0.7803685665130615
0.778602123260498
0.7800453901290894
0.7784841656684875
0.7831271290779114
0.7845927476882935
0.7880206108093262
0.7886314988136292
0.7919899225234985
0.8033282160758972
0.8095112442970276
0.8154746890068054
0.8132762312889099
0.8122242093086243
0.8092188835144043
0.8038105964660645
0.7988293170928955
0.7914149761199951
0.7877827882766724
0.7871423363685608
0.7882396578788757
0.7901484370231628
0.7966241836547852
0.8014984130859375
0.8076903820037842
0.8101766705513
0.8122210502624512
0.816142737865448
0.820113480091095
0.8226155042648315
0.8198031783103943
0.8162825703620911
0.8128859400749207
0.8121553063392639
0.8114599585533142
0.8124805092811584
0.8146716356277466
0.8189778327941895
0.8255857825279236
0.8327987194061279
0.840125322341919
0.8445011377334595
0.8437348008155823
0.8455747961997986
0.8470869064331055
0.8495734930038452
0.8480172753334045
0.8490729928016663
0.8501545190811157
0.8521367311477661
0.8558329939842224
0.8587450385093689
0.8635044693946838
0.865661084651947
0.8708803653717041
0.8755630850791931
0.883968710899353
0.8900782465934753
0.8905100226402283
0.8895033001899719
0.8831583261489868
0.8813738822937012
0.8801252841949463
0.8759636878967285
0.8725795745849609
0.8698040843009949
0.8664817810058594
0.8581207990646362
0.8539668321609497
0.8465511798858643
0.8408236503601074
0.8346461653709412
0.836908757686615
0.8405368328094482
0.844312310218811
0.8469303250312805
0.8490937352180481
0.8479176163673401
0.8411409258842468
0.8308998942375183
0.821587085723877
0.814829409122467
0.8123287558555603
0.8112173676490784
0.8071773052215576
0.7965716123580933
0.7897354960441589
0.7828222513198853
0.7797075510025024
0.7772819995880127
0.7742277979850769
0.770330548286438
0.7678015232086182
0.7697288393974304
0.7777438759803772
0.787240207195282
0.7961426377296448
0.8015254139900208
0.8027424812316895
0.8049887418746948
0.8137749433517456
0.825177013874054
0.831937313079834
0.8378340005874634
0.8401070237159729
0.8392011523246765
0.8391711711883545
0.8419265747070313
0.8469076752662659
0.845612645149231
0.8457314372062683
0.8462707996368408
0.844643235206604
0.8477560877799988
0.8533594012260437
0.855983555316925
0.8616323471069336
0.8655696511268616
0.8727903962135315
0.878362238407135
0.8844006657600403
0.889923632144928
0.886300802230835
0.882278323173523
0.8755087852478027
0.8767637014389038
0.8800703883171082
0.8801586627960205
0.8760571479797363
0.8691201210021973
0.866247832775116
0.8650174140930176
0.8642863631248474
0.8616431951522827
0.8606905937194824
0.8616201281547546
0.860952615737915
0.8575562238693237
0.8530367016792297
0.8471497297286987
0.8473206758499146
0.8494728803634644
0.8527580499649048
0.8553027510643005
0.8520826101303101
0.8472951054573059
0.847068190574646
0.8486971259117126
0.8481388688087463
0.848704993724823
0.8520920872688293
0.8516958355903625
0.848273754119873
0.8406001329421997
0.8371280431747437
0.8359779119491577
0.830843985080719
0.829890787601471
0.8299867510795593
0.8279440999031067
0.8269419074058533
0.8288105726242065
0.8296079635620117
0.8292876482009888
0.8273453712463379
0.8214008808135986
0.8173315525054932
0.815536379814148
0.8153257966041565
0.8146697282791138
0.8167843222618103
0.8198497295379639
0.8175777196884155
0.8139715194702148
0.8098662495613098
0.8114487528800964
0.8109534978866577
0.8077601790428162
0.8025287389755249
0.7985100150108337
0.7937631011009216
0.7967552542686462
0.7995122075080872
0.8005768656730652
0.7945771217346191
0.7898637652397156
0.7823761701583862
0.7773017883300781
0.7765629887580872
0.7817606925964355
0.7919546365737915
0.7962567806243896
0.8026935458183289
0.8052760362625122
0.8062494993209839
0.8023883700370789
0.8004207015037537
0.7975088953971863
0.7976623177528381
0.8019152283668518
0.8008682727813721
0.8026453256607056
0.7995918393135071
0.8019164204597473
0.8020492792129517
0.8064084649085999
0.8076255321502686
0.8131138682365417
0.8155998587608337
0.8204992413520813
0.822196900844574
0.8235309720039368
0.8257268071174622
0.8231682777404785
0.8187912702560425
0.8109591007232666
0.8057490587234497
0.8018053770065308
0.7988554835319519
0.8005627393722534
0.8008437752723694
0.8017816543579102
0.7952409982681274
0.7889959216117859
0.7797052264213562
0.7728134989738464
0.765780508518219
0.7630422711372375
0.7616289258003235
0.7572218179702759
0.7550865411758423
0.7463549971580505
0.7381123900413513
0.7299330234527588
0.7311131954193115
0.732744038105011
0.7338991165161133
0.7310828566551208
0.727450966835022
0.7303850650787354
0.7346864342689514
0.7418318390846252
0.746564507484436
0.7500198483467102
0.7488166093826294
0.7505137324333191
0.7562015652656555
0.7608361840248108
0.7616300582885742
0.755852222442627
0.7531009912490845
0.754719078540802
0.7593588829040527
0.758274257183075
0.7511959075927734
0.7506993412971497
0.7514212727546692
0.7551993131637573
0.7600210905075073
0.7649891376495361
0.7628833651542664
0.7624738812446594
0.7601739764213562
0.7597733736038208
0.7652270793914795
0.7705464363098145
0.7826046943664551
0.7875409722328186
0.7942155003547668
0.8005927205085754
0.8052666187286377
0.8090834617614746
0.8066321015357971
0.8056920170783997
0.803344190120697
0.8004316687583923
0.7938629388809204
0.7814798355102539
0.7725121974945068
0.7728392481803894
0.7758589386940002
0.7779195308685303
0.7813376188278198
0.7773758172988892
0.7741672396659851
0.7710996270179749
0.7737138867378235
0.7752457857131958
0.7768089175224304
0.7852632403373718
0.789581298828125
0.7914161086082458
0.7946949005126953
0.8016290664672852
0.8009486794471741
0.79713374376297
0.7944780588150024
0.7955823540687561
0.7932257652282715
0.7894333600997925
0.7885162234306335
0.7853506207466125
0.7840508222579956
0.782573401927948
0.7794209122657776
0.7807167768478394
0.7819879055023193
0.7819703221321106
0.7764989137649536
0.7712377905845642
0.7639580368995667
0.7572650909423828
0.7527728080749512
0.7503084540367126
0.7525483965873718
0.7537029385566711
0.7509605884552002
0.7487860918045044
0.7433801889419556
0.7398329377174377
0.738263726234436
0.7418670654296875
0.7413135170936584
0.7414783239364624
0.7424855828285217
0.7415730357170105
0.7396413683891296
0.740083634853363
0.7412189245223999
0.7368648052215576
0.730566680431366
0.7221681475639343
0.7160302996635437
0.7115814089775085
0.7123595476150513
0.7198495268821716
0.7273978590965271
0.7334632873535156
0.7351949214935303
0.7397136092185974
0.7429394721984863
0.7500243782997131
0.7557453513145447
0.7591038346290588
0.7633299827575684
0.7644845843315125
0.7651816010475159
0.7657843232154846
0.7705276012420654
0.7689635753631592
0.7652122974395752
0.7591239213943481
0.7529747486114502
0.7518134713172913
0.7531627416610718
0.7539475560188293
0.7572066783905029
0.759156346321106
0.7593833804130554
0.7590179443359375
0.758200466632843
0.758341908454895
0.757594883441925
0.7605726718902588
0.7620950937271118
0.7622635960578918
0.7638312578201294
0.765187680721283
0.7639471292495728
0.7634532451629639
0.762225866317749
0.7580456137657166
0.7553417682647705
0.7571954727172852
0.755526065826416
0.7564217448234558
0.754281222820282
0.7540169954299927
0.7525099515914917
0.7523781061172485
0.7547913193702698
0.7586389183998108
0.7653053402900696
0.7679016590118408
0.7723504900932312
0.7747724056243896
0.7839375138282776
0.7883061766624451
0.7899704575538635
0.7930895090103149
0.8006086349487305
0.8096061944961548
0.8165712356567383
0.8237727880477905
0.8306055068969727
0.8340439796447754
0.834892988204956
0.8333918452262878
0.8353267908096313
0.8377981185913086
0.8385201692581177
0.841465175151825
0.8435630202293396
0.845874547958374
0.8446062207221985
0.8499357104301453
0.8517000675201416
0.8542753458023071
0.855404794216156
0.854853630065918
0.8553212285041809
0.8527367115020752
0.853659987449646
0.853797972202301
0.8543432950973511
0.8573245406150818
0.858181893825531
0.857320249080658
0.8545103669166565
0.8610459566116333
0.8667147159576416
0.8698157072067261
0.8699126243591309
0.8696718811988831
0.8716821670532227
0.8756238222122192
0.8816412091255188
0.8847187757492065
0.8890156745910645
0.8899414539337158
0.8950985670089722
0.8978477120399475
0.8937463760375977
0.8924400210380554
0.8913605809211731
0.8869679570198059
0.879741370677948
0.8739278316497803
0.8712044954299927
0.8720447421073914
0.870755136013031
0.8646836876869202
0.8623757362365723
0.8562407493591309
0.8529508709907532
0.8513904213905334
0.855872631072998
0.8599899411201477
0.8583554029464722
0.852340817451477
0.8456586003303528
0.8379744291305542
0.8347980380058289
0.8343883752822876
0.832468569278717
0.8307130336761475
0.8255300521850586
0.8200403451919556
0.8134839534759521
0.8064238429069519
0.8041487336158752
0.8049300909042358
0.8082553744316101
0.806409478187561
0.8006709218025208
0.7975780367851257
0.7984833121299744
0.7985912561416626
0.7921423316001892
0.787726879119873
0.7819688320159912
0.7800788283348083
0.7750464081764221
0.773506224155426
0.7777313590049744
0.7814866304397583
0.7798649668693542
0.7711830735206604
0.7632036209106445
0.7541207671165466
0.7572762370109558
0.7607526779174805
0.7625519037246704
0.7579976320266724
0.7562834024429321
0.7569236755371094
0.754603385925293
0.7561903595924377
0.7545017004013062
0.7590084671974182
0.762811005115509
0.7666949033737183
0.7658715844154358
0.7636762261390686
0.7633349895477295
0.7612975835800171
0.763615071773529
0.7676295638084412
0.7725431323051453
0.7750743627548218
0.7754690051078796
0.7795068621635437
0.7817361950874329
0.7872771620750427
0.7875729203224182
0.7899453639984131
0.7927573323249817
0.7924019694328308
0.7936965823173523
0.7951662540435791
0.8006030917167664
0.8026700615882874
0.8032898902893066
0.8008173108100891
0.798492431640625
0.7972870469093323
0.7975808382034302
0.7977766394615173
0.798713743686676
0.7994933128356934
0.8022586107254028
0.8033535480499268
0.7999131679534912
0.7958027720451355
0.7956691980361938
0.7960370182991028
0.8073744177818298
0.8134172558784485
0.819093644618988
0.820195198059082
0.8234233260154724
0.8288599848747253
0.830173671245575
0.8324159979820251
0.83543461561203
0.8358073830604553
0.8340577483177185
0.8315041661262512
0.8297239542007446
0.8279296159744263
0.8273996114730835
0.8268375992774963
0.8178669214248657
0.8118560314178467
0.8073713183403015
0.8037141561508179
0.7974403500556946
0.7943050861358643
0.7937893867492676
0.7953454852104187
0.7989984154701233
0.8032515645027161
0.8073763251304626
0.8074436783790588
0.8057546615600586
0.8022128343582153
0.7994833588600159
0.7995762825012207
0.7977584004402161
0.799690306186676
0.7991726398468018
0.8024352788925171
0.8069762587547302
0.8086749315261841
0.8079454302787781
0.8081594705581665
0.8099439144134521
0.8131788969039917
0.8175293207168579
0.8190102577209473
0.825007975101471
0.8191997408866882
0.8155759572982788
0.8109110593795776
0.810383141040802
0.8133002519607544
0.8116577863693237
0.8139828443527222
0.8153771162033081
0.8155906200408936
0.8123722672462463
0.8135853409767151
0.8165841102600098
0.8215320110321045
0.8258504867553711
0.825434148311615
0.8274218440055847
0.823463499546051
0.8231040835380554
0.8208251595497131
0.8186546564102173
0.8136546015739441
0.8081292510032654
0.8105795979499817
0.8137187361717224
0.8163747191429138
0.8131586313247681
0.8086626529693604
0.8013589978218079
0.7955660223960876
0.7954242825508118
0.793129563331604
0.7896271347999573
0.7828699350357056
0.7811294198036194
0.7739338874816895
0.7692627906799316
0.7624877691268921
0.7621500492095947
0.7617854475975037
0.7633039355278015
0.7707518339157104
0.7759886980056763
0.7839902639389038
0.787956953048706
0.7887763977050781
0.7862181663513184
0.7912954092025757
0.7968534231185913
0.8022847175598145
0.8060436248779297
0.8064402937889099
0.8069464564323425
0.8032703995704651
0.8042152523994446
0.8050025701522827
0.8016213178634644
0.795353889465332
0.7924595475196838
0.7950634360313416
0.7965560555458069
0.798203706741333
0.7946521043777466
0.7937672734260559
0.7901331186294556
0.7934854030609131
0.7946789264678955
0.7935924530029297
0.7943491339683533
0.7937403917312622
0.7978612184524536
0.8026056885719299
0.8102729320526123
0.8124525547027588
0.812261164188385
0.8044064044952393
0.8001495599746704
0.7953042984008789
0.790646493434906
0.7843531370162964
0.7783843278884888
0.7743072509765625
0.7735780477523804
0.7731724977493286
0.7753349542617798
0.7769421935081482
0.7810739874839783
0.780895471572876
0.779356837272644
0.777588963508606
0.7737247943878174
0.7695739269256592
0.770761251449585
0.7766149640083313
0.7806529998779297
0.7839592695236206
0.7847151160240173
0.7906703948974609
0.7962996959686279
0.805851936340332
0.813774824142456
0.8210934400558472
0.8257254362106323
0.8305836915969849
0.8334352970123291
0.831709623336792
0.8317664265632629
0.8298014998435974
0.8323956727981567
0.8337396383285522
0.8370710015296936
0.8424557447433472
0.8506556153297424
0.857910692691803
0.8638678789138794
0.8663433790206909
0.8633403778076172
0.8594744801521301
0.8545987606048584
0.852528989315033
0.851582407951355
0.8478179574012756
0.8404619097709656
0.8297117352485657
0.8209428191184998
0.8146449327468872
0.8095991611480713
0.8099294304847717
0.8108611702919006
0.8108078241348267
0.8081824779510498
0.8059781193733215
0.8073635101318359
0.8102978467941284
0.8150100111961365
0.8139410614967346
0.8123067021369934
0.8064729571342468
0.8030521273612976
0.7953469157218933
0.7860037088394165
0.7773406505584717
0.7747864723205566
0.771698534488678
0.7673227787017822
0.764075517654419
0.7566152811050415
0.7504600882530212
0.746341347694397
0.7489303946495056
0.742860734462738
0.7428303956985474
0.7448328137397766
0.7496189475059509
0.7554492354393005
0.7620798349380493
0.7644295692443848
0.7704554200172424
0.7769398093223572
0.7819752097129822
0.7825343608856201
0.7830032706260681
0.7849570512771606
0.7865157127380371
0.7894995212554932
0.7923309206962585
0.7955402135848999
0.7930415272712708
0.7925953269004822
0.7911589741706848
0.7921733856201172
0.7897042036056519
0.7854917049407959
0.7850382924079895
0.7877492904663086
0.7927640676498413
0.7964274287223816
0.7995386123657227
0.7972824573516846
0.7940399646759033
0.7930271625518799
0.7945070266723633
0.7970132827758789
0.7992233633995056
0.8007529377937317
0.79960036277771
0.7977825403213501
0.7956793904304504
0.796331524848938
0.7972325086593628
0.7978955507278442
0.7964122891426086
0.7925813794136047
0.7908449769020081
0.7893205881118774
0.7957216501235962
0.7997522354125977
0.7955055832862854
0.7938369512557983
0.7937290668487549
0.7966904640197754
0.8034327626228333
0.8099175691604614
0.8156408071517944
0.8181225061416626
0.8154711127281189
0.8142560720443726
0.8105514049530029
0.8104116916656494
0.811946451663971
0.8122673630714417
0.8091232776641846
0.8062071800231934
0.8093210458755493
0.8136647939682007
0.8145169019699097
0.8121725916862488
0.8056210279464722
0.7921437621116638
0.7813944220542908
0.7768319845199585
0.7714060544967651
0.765147864818573
0.7559986114501953
0.7528804540634155
0.7531394362449646
0.7558028697967529
0.7614954710006714
0.7596709132194519
0.7578257918357849
0.7595080733299255
0.7596200108528137
0.7596806883811951
0.7568110823631287
0.7541177868843079
0.7489256858825684
0.7501735687255859
0.7489145994186401
0.7463111877441406
0.7422375082969666
0.7415965795516968
0.7449218034744263
0.7517420649528503
0.7581183910369873
0.7625797390937805
0.7639994025230408
0.7582738995552063
0.7559559345245361
0.7557966113090515
0.7589208483695984
0.7562337517738342
0.7500656247138977
0.7456419467926025
0.7433057427406311
0.7504612803459167
0.7572369575500488
0.7641639113426208
0.7662743330001831
0.7670223712921143
0.7680087685585022
0.769026517868042
0.7681915163993835
