0.030562622472643852
0.044245362281799316
0.07300932705402374
0.08547578752040863
0.09710485488176346
0.12377388030290604
0.13500139117240906
0.15103821456432343
0.16161638498306274
0.1612848937511444
0.15890389680862427
0.15539146959781647
0.15046031773090363
0.15007688105106354
0.15226198732852936
0.15978729724884033
0.16466520726680756
0.17638926208019257
0.18669702112674713
0.19731442630290985
0.20110008120536804
0.20874960720539093
0.21944275498390198
0.2252652794122696
0.2312265783548355
0.2245148867368698
0.2213311344385147
0.21857598423957825
0.21702949702739716
0.2139015793800354
0.2115190327167511
0.2114057093858719
0.21333754062652588
0.2126222550868988
0.21459786593914032
0.21716350317001343
0.22064046561717987
0.22302855551242828
0.22562772035598755
0.22723816335201263
0.22698506712913513
0.22615820169448853
0.22617381811141968
0.22770151495933533
0.22809439897537231
0.2288910299539566
0.2311241328716278
0.2343894988298416
0.23474813997745514
0.2385910302400589
0.2427251785993576
0.24622467160224915
0.24917972087860107
0.25233161449432373
0.25601887702941895
0.25969597697257996
0.2630366086959839
0.26578664779663086
0.268300861120224
0.27162501215934753
0.2751765251159668
0.2791222631931305
0.28258436918258667
0.2860502302646637
0.2882864475250244
0.2878691554069519
0.28716087341308594
0.2872824966907501
0.28761500120162964
0.28782016038894653
0.28784674406051636
0.288224458694458
0.2890624403953552
0.2904411256313324
0.29050856828689575
0.2916077971458435
0.2929346263408661
0.2945367395877838
0.2945900857448578
0.296352744102478
0.30234968662261963
0.3022587299346924
0.30238887667655945
0.30839136242866516
0.306761234998703
0.31028643250465393
0.31398114562034607
0.3184356391429901
0.31975412368774414
0.31938406825065613
0.3202514052391052
0.3214266300201416
0.32269376516342163
0.32601198554039
0.3261547088623047
0.3279135227203369
0.3297412395477295
0.3324444890022278
0.3325404226779938
0.33700451254844666
0.33553051948547363
0.3376680910587311
0.34002697467803955
0.3429453670978546
0.34368574619293213
0.3487837016582489
0.3522886037826538
0.3529697358608246
0.3534681797027588
0.35669654607772827
0.3599245250225067
0.3642621636390686
0.36792945861816406
0.3711777627468109
0.3767131268978119
0.3770754039287567
0.3813573718070984
0.3873934745788574
0.3915007412433624
0.39220288395881653
0.39654484391212463
0.4018878936767578
0.40072086453437805
0.39974263310432434
0.39818763732910156
0.3983333706855774
0.3980361223220825
0.3974769413471222
0.3974202275276184
0.39746925234794617
0.39743301272392273
0.397539347410202
0.3979942500591278
0.3983810245990753
0.39881402254104614
0.3994770646095276
0.4002261161804199
0.4010494351387024
0.40093743801116943
0.4018843472003937
0.40362054109573364
0.403817743062973
0.4050586521625519
0.4077255427837372
0.4068601429462433
0.4083825349807739
0.4094599783420563
0.4114321768283844
0.4116382598876953
0.4134488105773926
0.4154070317745209
0.41911786794662476
0.41862040758132935
0.4208465814590454
0.4230160117149353
0.42520463466644287
0.42720508575439453
0.42914173007011414
0.4311666786670685
0.4340890944004059
0.4343659281730652
0.43975627422332764
0.43797567486763
0.44057002663612366
0.4440910518169403
0.4445311427116394
0.45033034682273865
0.45086464285850525
0.45376577973365784
0.45335644483566284
0.45501741766929626
0.45509299635887146
0.4549100399017334
0.4550602436065674
0.45513710379600525
0.45560452342033386
0.45546722412109375
0.45558255910873413
0.45604419708251953
0.4561232626438141
0.45638513565063477
0.45677030086517334
0.45715653896331787
0.4578418731689453
0.45780524611473083
0.4586370289325714
0.46033304929733276
0.459750235080719
0.4605634808540344
0.4610280692577362
0.4619244635105133
0.4627838730812073
0.46355295181274414
0.464426726102829
0.46562865376472473
0.4655696749687195
0.4663986265659332
0.46752122044563293
0.46760639548301697
0.4684354066848755
0.46923232078552246
0.4701296389102936
0.4716821312904358
0.4714968800544739
0.4723855257034302
0.47324424982070923
0.4741353392601013
0.47608113288879395
0.4753148555755615
0.4760946035385132
0.4780275225639343
0.4780399203300476
0.47794750332832336
0.478562593460083
0.47916868329048157
0.4793885052204132
0.478867769241333
0.4788356125354767
0.4787035286426544
0.47869133949279785
0.47862541675567627
0.479018896818161
0.4787557125091553
0.47889411449432373
0.478971391916275
0.47910329699516296
0.47913071513175964
0.47919875383377075
0.4792410731315613
0.4792734384536743
0.47934675216674805
0.47958120703697205
0.47979536652565
0.4799840450286865
0.48069319128990173
0.481242299079895
0.48162880539894104
0.48210814595222473
0.48201313614845276
0.4828487038612366
0.48370543122291565
0.484576940536499
0.48543012142181396
0.48637017607688904
0.4874519109725952
0.4888555705547333
0.4898466169834137
0.49088460206985474
0.4919210970401764
0.4929427206516266
0.49419713020324707
0.49516409635543823
0.4962182343006134
0.4971146285533905
0.4993796944618225
0.5006732940673828
0.5001897215843201
0.501632571220398
0.5031890869140625
0.5045543909072876
0.5071224570274353
0.5068450570106506
0.5085340142250061
0.5102741122245789
0.5119692087173462
0.5127975344657898
0.5148047208786011
0.5157018899917603
0.5154982209205627
0.5152165293693542
0.514861524105072
0.5150116086006165
0.5149878859519958
0.5151200294494629
0.5150639414787292
0.515098512172699
0.5152018070220947
0.5152230858802795
0.5151721239089966
0.515110194683075
0.5150479674339294
0.5150236487388611
0.514938473701477
0.5147745013237
0.5145896673202515
0.5145362019538879
0.5143948793411255
0.5143987536430359
0.5143886208534241
0.5143300890922546
0.5142191052436829
0.514102041721344
0.5141125917434692
0.5141376256942749
0.5141147971153259
0.5140562653541565
0.5141169428825378
0.5142226219177246
0.5141968727111816
0.5143177509307861
0.5144758224487305
0.5145993232727051
0.5148870944976807
0.5152241587638855
0.5157579779624939
0.5156564116477966
0.5160044431686401
0.5162838101387024
0.5165844559669495
0.5168730616569519
0.5172791481018066
0.5177603363990784
0.5184930562973022
0.5184178352355957
0.5200768709182739
0.5193532705307007
0.5203463435173035
0.5203607082366943
0.520704448223114
0.5213916897773743
0.5228740572929382
0.5223159193992615
0.5228729248046875
0.5237475633621216
0.5237709283828735
0.5242536067962646
0.5247519612312317
0.5249471664428711
0.525486946105957
0.5259538292884827
0.5264303684234619
0.5269100069999695
0.527355968952179
0.5279291272163391
0.528107762336731
0.5285817384719849
0.5290282964706421
0.5294345021247864
0.5299092531204224
0.5299023389816284
0.5298632383346558
0.5298381447792053
0.5297172665596008
0.5296441316604614
0.5296467542648315
0.5297137498855591
0.5297026634216309
0.5297080278396606
0.5297306776046753
0.5297456383705139
0.5298205018043518
0.5298944711685181
0.5299169421195984
0.529923141002655
0.5299654603004456
0.5300903916358948
0.5302706360816956
0.5304374098777771
0.5306364297866821
0.5308809876441956
0.5309656262397766
0.5312049388885498
0.5315196514129639
0.53179532289505
0.5323285460472107
0.5324477553367615
0.5324369072914124
0.5327949523925781
0.5331651568412781
0.5333344340324402
0.5339778065681458
0.5338740348815918
0.5342450141906738
0.5347192883491516
0.5360128283500671
0.5353914499282837
0.5358760356903076
0.5363178849220276
0.5365340113639832
0.5370317697525024
0.5375437140464783
0.5379271507263184
0.5380375981330872
0.5383186340332031
0.5385532379150391
0.5387687683105469
0.5392048954963684
0.539035439491272
0.539124071598053
0.5391514897346497
0.5392177104949951
0.5393686890602112
0.5394977331161499
0.539605975151062
0.5399289131164551
0.5398167967796326
0.5399714708328247
0.54017174243927
0.5404307842254639
0.5492264628410339
0.5606898069381714
0.569473922252655
0.5802730917930603
0.5847527980804443
0.5890728235244751
0.5913654565811157
0.5883522033691406
0.5835322141647339
0.5781853795051575
0.5764997005462646
0.5778234004974365
0.5797562003135681
0.5833274722099304
0.5826727151870728
0.5789201259613037
0.5777537822723389
0.5796704292297363
0.5829035639762878
0.588930070400238
0.5963581800460815
0.6039332151412964
0.6110657453536987
0.6179828643798828
0.6242778897285461
0.631941556930542
0.635882556438446
0.6380936503410339
0.642683744430542
0.6427202224731445
0.643121600151062
0.642414391040802
0.6433210968971252
0.6443317532539368
0.6431512236595154
0.6404010653495789
0.6297785639762878
0.6236696243286133
0.6169623732566833
0.6095829606056213
0.6025441884994507
0.5929011106491089
0.5820764899253845
0.5758001208305359
0.5724214315414429
0.5705645084381104
0.566072940826416
0.5653592348098755
0.5629132390022278
0.5585397481918335
0.5531384348869324
0.5481166243553162
0.546075165271759
0.5459989905357361
0.5435574650764465
0.5430049300193787
0.5449257493019104
0.5464826822280884
0.5499078631401062
0.5551965832710266
0.5570567846298218
0.5566430687904358
0.5518959164619446
0.5473173260688782
0.5440333485603333
0.546127200126648
0.5492308139801025
0.5527117848396301
0.5538414120674133
0.5568679571151733
0.5582253336906433
0.5589020252227783
0.5604168772697449
0.558055579662323
0.5557713508605957
0.5528104901313782
0.5508989691734314
0.5470148921012878
0.5509260892868042
0.555858850479126
0.559074878692627
0.5596316456794739
0.5621790289878845
0.5682423114776611
0.5742677450180054
0.5784837007522583
0.5811821222305298
0.5836005210876465
0.5841920971870422
0.590178370475769
0.5941202044487
0.5970696210861206
0.5990521907806396
0.6012011766433716
0.6007449626922607
0.6019911766052246
0.6007941365242004
0.6035719513893127
0.6083037257194519
0.6144484877586365
0.6185175776481628
0.6161081790924072
0.6135638356208801
0.6138601899147034
0.6083985567092896
0.6045618057250977
0.598724901676178
0.5936757326126099
0.5916028618812561
0.5901859998703003
0.5912787318229675
0.5906136631965637
0.5900565385818481
0.5884371399879456
0.5858849287033081
0.5871540904045105
0.5900154113769531
0.592045783996582
0.5907434225082397
0.5864140391349792
0.5837765336036682
0.5794256925582886
0.5741870999336243
0.5672682523727417
0.5636086463928223
0.5574640035629272
0.5598827004432678
0.5540371537208557
0.5509074330329895
0.5519656538963318
0.5551305413246155
0.5612466931343079
0.5702557563781738
0.5788565278053284
0.5810773968696594
0.5812072157859802
0.5777925252914429
0.571995735168457
0.5692281723022461
0.5685031414031982
0.5624664425849915
0.5548716187477112
0.5540424585342407
0.5533008575439453
0.5560985207557678
0.5606809258460999
0.5626554489135742
0.5641188621520996
0.5654343962669373
0.5663368105888367
0.5679647922515869
0.5693733096122742
0.5718045234680176
0.5764708518981934
0.580254077911377
0.5845182538032532
0.5889728665351868
0.5923307538032532
0.5914865732192993
0.5878463387489319
0.5873056054115295
0.5899394154548645
0.588018000125885
0.5802726745605469
0.5768280625343323
0.5734710097312927
0.5719817280769348
0.5691037178039551
0.5675444006919861
0.5667109489440918
0.5654569268226624
0.5630547404289246
0.5611341595649719
0.5589366555213928
0.5586375594139099
0.5570752024650574
0.5557968020439148
0.5585159063339233
0.5656448006629944
0.5742017030715942
0.5799173712730408
0.58650141954422
0.5890780091285706
0.5905471444129944
0.5911073684692383
0.5938001871109009
0.5928072333335876
0.5955932140350342
0.5951341390609741
0.5918278694152832
0.5917108058929443
0.5935067534446716
0.6010122299194336
0.6050618886947632
0.6093384623527527
0.6082996726036072
0.6072052717208862
0.6097280383110046
0.6098878383636475
0.6052945852279663
0.6021298170089722
0.604648768901825
0.6087897419929504
0.6109378933906555
0.6126399040222168
0.6135122179985046
0.6183773279190063
0.6244987845420837
0.628004252910614
0.6294187307357788
0.6279327273368835
0.6269149780273438
0.6246361136436462
0.6229490637779236
0.6243236660957336
0.6242875456809998
0.6237539052963257
0.6211473345756531
0.6147809624671936
0.6041375398635864
0.5953099727630615
0.593217134475708
0.5931247472763062
0.5921334028244019
0.5902940630912781
0.5857661962509155
0.5854738354682922
0.5888007283210754
0.5964715480804443
0.597731351852417
0.5937033891677856
0.5888470411300659
0.5862352252006531
0.5814107656478882
0.5791091322898865
0.5786767601966858
0.5710293650627136
0.5647791624069214
0.5587068796157837
0.5519675612449646
0.5493602156639099
0.547983705997467
0.5509312152862549
0.5535122752189636
0.556302547454834
0.5600402355194092
0.5631149411201477
0.5670566558837891
0.5599302649497986
0.5513682961463928
0.5460801124572754
0.5430314540863037
0.5362313985824585
0.536048173904419
0.5398287773132324
0.5417279005050659
0.5454131364822388
0.5477330684661865
0.5511147975921631
0.5512256622314453
0.5507800579071045
0.5455690026283264
0.5381412506103516
0.5341405272483826
0.5303308367729187
0.5295929312705994
0.5325044393539429
0.5387798547744751
0.5443509817123413
0.554168164730072
0.5615437030792236
0.565346360206604
0.5694273114204407
0.5693640112876892
0.56979900598526
0.5671301484107971
0.5677483677864075
0.5730167031288147
0.5796291828155518
0.5795459747314453
0.5787930488586426
0.5768977403640747
0.5744802355766296
0.5737643241882324
0.5721415877342224
0.571290910243988
0.575549840927124
0.5815533995628357
0.582565426826477
0.5827344655990601
0.5811795592308044
0.5852760672569275
0.5927994251251221
0.5932405591011047
0.5912168025970459
0.5900434255599976
0.5884881615638733
0.5914271473884583
0.5887765288352966
0.5884994268417358
0.5911468267440796
0.5901634097099304
0.5896404981613159
0.5930211544036865
0.5950888395309448
0.5939728021621704
0.5937960147857666
0.5942817330360413
0.5936875343322754
0.5911954045295715
0.594169020652771
0.5970679521560669
0.5958950519561768
0.5920549631118774
0.5925317406654358
0.595727264881134
0.5984618663787842
0.5969310402870178
0.5954048037528992
0.5981929302215576
0.6005389094352722
0.6018860340118408
0.6032305359840393
0.6093026995658875
0.6192443370819092
0.6242814660072327
0.6230594515800476
0.6224178671836853
0.6224400997161865
0.6239044666290283
0.6248433589935303
0.6249144673347473
0.6244800090789795
0.6279998421669006
0.6288732290267944
0.6322258114814758
0.6350672841072083
0.6331319212913513
0.6343589425086975
0.6326832175254822
0.6270254850387573
0.6219937801361084
0.6164818406105042
0.6133202314376831
0.6152302622795105
0.6157132387161255
0.6152287125587463
0.6130821704864502
0.6120771765708923
0.6098863482475281
0.610674262046814
0.6148121953010559
0.6187708377838135
0.6199771165847778
0.6178268790245056
0.61549973487854
0.6127495169639587
0.6075544953346252
0.602158784866333
0.5965930223464966
0.588616669178009
0.579941987991333
0.5756885409355164
0.5768541693687439
0.580899715423584
0.5883117914199829
0.5905718803405762
0.58951735496521
0.5901047587394714
0.5984317064285278
0.6043633222579956
0.6083109974861145
0.6101738810539246
0.6097099184989929
0.6129988431930542
0.6174313426017761
0.6196563243865967
0.6196804046630859
0.6178686618804932
0.6196184158325195
0.6229034662246704
0.6263301968574524
0.6294825673103333
0.6316002607345581
0.633843719959259
0.6344683170318604
0.6309189796447754
0.6339586973190308
0.6420990228652954
0.6507331132888794
0.6574146747589111
0.6619583964347839
0.6619918346405029
0.6574669480323792
0.6493179798126221
0.6462984085083008
0.6446890234947205
0.6439915895462036
0.6412344574928284
0.6375226974487305
0.6400490999221802
0.641984224319458
0.6464729905128479
0.644106388092041
0.6420994997024536
0.6400892734527588
0.6372964978218079
0.6332307457923889
0.6298898458480835
0.6324527859687805
0.6354433298110962
0.6371099948883057
0.6435564756393433
0.6479069590568542
0.649807870388031
0.6520594954490662
0.653164803981781
0.6551874279975891
0.6551287770271301
0.6528628468513489
0.6498339176177979
0.6447456479072571
0.6376439332962036
0.6334425210952759
0.6267399191856384
0.6263417601585388
0.6298445463180542
0.6314690709114075
0.6340916752815247
0.6324905157089233
0.6332508325576782
0.6323610544204712
0.630390465259552
0.6288145780563354
0.6278601288795471
0.6277803778648376
0.6334993839263916
0.6375468373298645
0.6373443603515625
0.635083794593811
0.6369550228118896
0.640453040599823
0.6431259512901306
0.6405564546585083
0.634777307510376
0.6345055103302002
0.6377227902412415
0.6411287784576416
0.6431071162223816
0.6443108916282654
0.6404342651367188
0.6360077261924744
0.6343561410903931
0.6333434581756592
0.6353793144226074
0.6334539651870728
0.6346974968910217
0.6355533599853516
0.6380274891853333
0.6418678760528564
0.6405357718467712
0.6378194093704224
0.6354401707649231
0.6357874870300293
0.6340205669403076
0.6333222389221191
0.6315293312072754
0.6282942891120911
0.6216207146644592
0.6166830062866211
0.6104719638824463
0.6052824258804321
0.605725884437561
0.6058724522590637
0.6025175452232361
0.6003434658050537
0.5998988151550293
0.5996111631393433
0.5942049026489258
0.5980913639068604
0.6036575436592102
0.6080513000488281
0.614732027053833
0.6207390427589417
0.6241449117660522
0.6267619729042053
0.6260997653007507
0.6264752149581909
0.6293861269950867
0.6251897215843201
0.6259765625
0.624065637588501
0.6288345456123352
0.6325462460517883
0.6314854025840759
0.6374431252479553
0.6371435523033142
0.6345130801200867
0.6276387572288513
0.6242753863334656
0.6232531666755676
0.6174773573875427
0.6095021963119507
0.5982821583747864
0.5877764821052551
0.5826706886291504
0.5831080079078674
0.5788426995277405
0.5740620493888855
0.5730849504470825
0.5708727836608887
0.5659124851226807
0.5661963224411011
0.570742666721344
0.5728259086608887
0.5672532916069031
0.5571072101593018
0.5495635867118835
0.5454862117767334
0.5440881848335266
0.5448324680328369
0.5476033687591553
0.5463002324104309
0.5426561236381531
0.5338521003723145
0.5286900401115417
0.5269562005996704
0.5314121246337891
0.5356898903846741
0.5359693169593811
0.5355467796325684
0.5344642400741577
0.5315676927566528
0.5308786630630493
0.5289718508720398
0.5266727805137634
0.5261784195899963
0.5233349204063416
0.522671639919281
0.5239301919937134
0.5225512981414795
0.5225494503974915
0.5234244465827942
0.5252068638801575
0.5239600539207458
0.523949921131134
0.5196309685707092
0.5197211503982544
0.5195615887641907
0.5218834280967712
0.5226449370384216
0.5207639336585999
0.5191879868507385
0.5171214938163757
0.5144453048706055
0.5160472393035889
0.5248550176620483
0.5374963283538818
0.549266517162323
0.5542129874229431
0.5531090497970581
0.5479918122291565
0.5492860674858093
0.5509313344955444
0.5601590871810913
0.5723309516906738
0.5831680297851563
0.5884904265403748
0.5885799527168274
0.5890291333198547
0.5857882499694824
0.582152783870697
0.578641951084137
0.5757989287376404
0.5726394057273865
0.5728208422660828
0.5704307556152344
0.5657535195350647
0.5572490096092224
0.5474112033843994
0.5427557826042175
0.5373221635818481
0.5321689248085022
0.5271540284156799
0.5277103781700134
0.5318653583526611
0.5368423461914063
0.5438072681427002
0.5519511699676514
0.5549368858337402
0.5510963201522827
0.5472041368484497
0.5443540215492249
0.5425586700439453
0.5417014956474304
0.536949634552002
0.5369611978530884
0.5364440679550171
0.5348193049430847
0.5323532223701477
0.5296573638916016
0.5279654860496521
0.5248791575431824
0.5215375423431396
0.5168410539627075
0.517885684967041
0.5250973701477051
0.5291861891746521
0.5288791060447693
0.5275897979736328
0.5229781866073608
0.5219814777374268
0.5238727927207947
0.5238562226295471
0.525779664516449
0.526738703250885
0.5322972536087036
0.5368785262107849
0.5436465740203857
0.5500877499580383
0.5549548268318176
0.561114490032196
0.5651434659957886
0.5689198970794678
0.5705931186676025
0.5714277029037476
0.5732619762420654
0.5795817971229553
0.5873842835426331
0.5944557189941406
0.5986818075180054
0.6012915372848511
0.6021904945373535
0.5997112989425659
0.5908069610595703
0.5820028781890869
0.5748671889305115
0.5700030326843262
0.5726049542427063
0.5784902572631836
0.5841852426528931
0.5874456167221069
0.5862348675727844
0.5862137079238892
0.5903384685516357
0.5961973667144775
0.5980343222618103
0.5982035398483276
0.6009159088134766
0.6070325970649719
0.6133153438568115
0.619168221950531
0.6243825554847717
0.6246041059494019
0.6212445497512817
0.6172873377799988
0.6175999045372009
0.6196057796478271
0.6216762661933899
0.6201521158218384
0.6235573291778564
0.6300200819969177
0.6327403783798218
0.6389131546020508
0.6405535936355591
0.6449425220489502
0.6497191190719604
0.6547422409057617
0.6584137082099915
0.6652105450630188
0.6695343255996704
0.6700735688209534
0.6670325398445129
0.6679495573043823
0.6700363755226135
0.6708048582077026
0.6684938073158264
0.666644811630249
0.6636496186256409
0.661196768283844
0.6607827544212341
0.6594293713569641
0.6558168530464172
0.655408501625061
0.657681941986084
0.6570301651954651
0.6561548113822937
0.6584441661834717
0.6602904200553894
0.6649183630943298
0.6651329398155212
0.6665187478065491
0.6644272208213806
0.6625838279724121
0.6600971221923828
0.6598549485206604
0.6597744822502136
0.6632018685340881
0.6663146018981934
0.6678407192230225
0.6660521626472473
0.6681339144706726
0.6677323579788208
0.6661513447761536
0.6591154932975769
0.65284663438797
0.646295964717865
0.6390271782875061
0.6391041278839111
0.6348592042922974
0.6350980401039124
0.6294912099838257
0.6263277530670166
0.6210220456123352
0.6193385124206543
0.620198130607605
0.6232717633247375
0.6263678073883057
0.6244533658027649
0.6245666146278381
0.625558078289032
0.6251273155212402
0.6230911612510681
0.6251753568649292
0.6297348737716675
0.6351831555366516
0.6405883431434631
0.6407133936882019
0.6438901424407959
0.6462398767471313
0.6474040150642395
0.6487163305282593
0.6465575695037842
0.6462832093238831
0.6472676992416382
0.6436768174171448
0.6398207545280457
0.6376949548721313
0.6399015188217163
0.6397382616996765
0.6358094215393066
0.6285886168479919
0.6212811470031738
0.6181678175926208
0.6167888641357422
0.6118113398551941
0.6065447926521301
0.5957970023155212
0.5859432220458984
0.58598393201828
0.5892567038536072
0.5921861529350281
0.5956549048423767
0.5956658124923706
0.5925697088241577
0.5916226506233215
0.5921725630760193
0.5949236750602722
0.6014611124992371
0.6048794984817505
0.6112357974052429
0.6135666370391846
0.6152982115745544
0.61215740442276
0.6082967519760132
0.602452278137207
0.5941184759140015
0.5910992622375488
0.5894219875335693
0.5837958455085754
0.5770649909973145
0.575003445148468
0.5750123858451843
0.5806055068969727
0.5845737457275391
0.5828146934509277
0.5756709575653076
0.56557697057724
0.5617268085479736
0.5609819293022156
0.556952178478241
0.5591570138931274
0.5618396401405334
0.5655809640884399
0.569465160369873
0.5660787224769592
0.5633407235145569
0.5573302507400513
0.554613471031189
0.548649251461029
0.5438626408576965
0.5485241413116455
0.5529788136482239
0.5601245760917664
0.5656659007072449
0.567658007144928
0.5671369433403015
0.5710812211036682
0.5777617692947388
0.5797812938690186
0.5767680406570435
0.5749727487564087
0.5758013129234314
0.5769537687301636
0.5740129947662354
0.5720680356025696
0.5703331828117371
0.5666711926460266
0.5640471577644348
0.5578759908676147
0.547696053981781
0.5422673225402832
0.5423135757446289
0.5414798855781555
0.5358467102050781
0.5325302481651306
0.5255307555198669
0.5220768451690674
0.5198460817337036
0.5203076004981995
0.5187399387359619
0.514583945274353
0.513674795627594
0.5132541060447693
0.5152434706687927
0.5207558870315552
0.5274762511253357
0.53135746717453
0.5340189933776855
0.5361897349357605
0.5413510799407959
0.5417543649673462
0.5407958030700684
0.5405628681182861
0.5389468669891357
0.5345679521560669
0.5344732999801636
0.5327950716018677
0.5325465798377991
0.534380316734314
0.5388538241386414
0.5448116064071655
0.5476726293563843
0.5503637790679932
0.5562005043029785
0.5593305230140686
0.5619324445724487
0.5682164430618286
0.5758746266365051
0.5805860757827759
0.5834509134292603
0.5842002630233765
0.589159369468689
0.5946142077445984
0.6016595363616943
0.6101871132850647
0.6153238415718079
0.6157433390617371
0.6100625395774841
0.6049982309341431
0.6010722517967224
0.5925458669662476
0.5815922021865845
0.5743002891540527
0.5646041035652161
0.557609498500824
0.5523015260696411
0.5462720990180969
0.5399705171585083
0.5340650677680969
0.5340873599052429
0.5356106758117676
0.5362170338630676
0.5350059866905212
0.5344018936157227
0.5278788208961487
0.5261222720146179
0.5221495628356934
0.5181042551994324
0.5149388909339905
0.5162308812141418
0.5192413330078125
0.5193749070167542
0.520751953125
0.5222523212432861
0.5311281085014343
0.5414309501647949
0.5492099523544312
0.5566354393959045
0.5625733137130737
0.5694966912269592
0.5739914178848267
0.5752791166305542
0.5745804905891418
0.5769614577293396
0.581926167011261
0.5856125950813293
0.5857216715812683
0.5818793773651123
0.5755793452262878
0.5754014849662781
0.575230598449707
0.5743665099143982
0.5732706785202026
0.5736971497535706
0.5766993165016174
0.5713869333267212
0.5645438432693481
0.5588890314102173
0.5533673167228699
0.5516119003295898
0.549824059009552
0.5528659820556641
0.5536952614784241
0.5538026690483093
0.553770124912262
0.5529426336288452
0.550927460193634
0.544876217842102
0.5413854122161865
0.5392706394195557
0.5436906814575195
0.5451787114143372
0.5418907403945923
0.5397692322731018
0.5409078598022461
0.5458670854568481
0.5493013262748718
0.5549975633621216
0.5583471059799194
0.5641865134239197
0.5716239213943481
0.5776707530021667
0.5793295502662659
0.5769645571708679
0.5805773735046387
0.5861459970474243
0.5943923592567444
0.5981820225715637
0.6039191484451294
0.6062946915626526
0.6118981838226318
0.6141679883003235
0.6115721464157104
0.6082789301872253
0.6008606553077698
0.5952847599983215
0.5910179018974304
0.5881136059761047
0.585378110408783
0.5849023461341858
0.5856947898864746
0.5753427147865295
0.5626243352890015
0.5532024502754211
0.547691285610199
0.5413714647293091
0.5339601635932922
0.5212363600730896
0.5149551630020142
0.5138528347015381
0.5154991149902344
0.5206674933433533
0.5252946615219116
0.5312795639038086
0.5325356125831604
0.541016161441803
0.5420205593109131
0.5386806726455688
0.5349223613739014
0.5347161293029785
0.5366281867027283
0.539959728717804
0.5444735288619995
0.544842541217804
0.5389866828918457
0.5368425846099854
0.5397834181785583
0.5442546010017395
0.5476743578910828
0.5489919185638428
0.549802839756012
0.545699954032898
0.5434457063674927
0.5466915369033813
0.5503015518188477
0.5548192262649536
0.5612617135047913
0.5670522451400757
0.5751398801803589
0.578636884689331
0.5841052532196045
0.5866140723228455
0.5911573171615601
0.5890997052192688
0.5866977572441101
0.5839338898658752
0.5849478244781494
0.5939981341362
0.5989797711372375
0.6052897572517395
0.6064843535423279
0.6092867255210876
0.6121122241020203
0.6109613180160522
0.6093607544898987
0.6055588722229004
0.6029779314994812
0.6003866195678711
0.5965709686279297
0.5955478549003601
0.5944275259971619
0.5964366793632507
0.6041051149368286
0.6112365126609802
0.6187823414802551
0.6210670471191406
0.6252408027648926
0.6270012855529785
0.627138078212738
0.6275925040245056
0.6311239004135132
0.6312962174415588
0.6364055275917053
0.6412985920906067
0.6471911072731018
0.6525090932846069
0.6522072553634644
0.6523706316947937
0.6484431028366089
0.6427310705184937
0.6337617635726929
0.6267907023429871
0.6171458959579468
0.6069536805152893
0.5955856442451477
0.5839220881462097
0.5755495429039001
0.5706572532653809
0.568912923336029
0.5646949410438538
0.5607631206512451
0.5565721392631531
0.5555135011672974
0.5493742823600769
0.5449023246765137
0.541374683380127
0.5410770773887634
0.5426651835441589
0.5421429872512817
0.5417707562446594
0.5428429245948792
0.5411098003387451
0.5398626327514648
0.5391117334365845
0.5354627370834351
0.5341850519180298
0.5350807905197144
0.5414841175079346
0.5498369932174683
0.557798445224762
0.5643916130065918
0.5691272020339966
0.5697404742240906
0.5693836212158203
0.572027325630188
0.5737670063972473
0.5786763429641724
0.5776175260543823
0.5797855257987976
0.5746841430664063
0.5722619295120239
0.5645395517349243
0.5586762428283691
0.5551180243492126
0.5537940263748169
0.553306519985199
0.5520920753479004
0.5543038845062256
0.5577226281166077
0.5573192834854126
0.5585289001464844
0.5611988306045532
0.563352108001709
0.5707756876945496
0.5674561858177185
0.5696108937263489
0.5742510557174683
0.5760977268218994
0.5685433745384216
0.5634341835975647
0.5571694374084473
0.5520697832107544
0.5508814454078674
0.5490773320198059
0.5477291941642761
0.5393078327178955
0.5336660146713257
0.522762656211853
0.5156438946723938
0.5103583931922913
0.5059777498245239
0.5024151802062988
0.5052622556686401
0.5137216448783875
0.5232344269752502
0.5372160077095032
0.5461580753326416
0.5578636527061462
0.5633561611175537
0.5639544129371643
0.5695387721061707
0.5801613926887512
0.5896525979042053
0.5920842885971069
0.592268705368042
0.5952374935150146
0.6005656123161316
0.6066573262214661
0.6103967428207397
0.6105727553367615
0.6128345727920532
0.6182332634925842
0.6231029033660889
0.6233760118484497
0.621365487575531
0.6194697618484497
0.6244075298309326
0.62956702709198
0.6317330598831177
0.6316001415252686
0.6246620416641235
0.6184259057044983
0.6101142168045044
0.601448118686676
0.5947043299674988
0.5908617377281189
0.5882660746574402
0.5863794088363647
0.5877248048782349
0.5877534747123718
0.5892173051834106
0.5869911909103394
0.5791155695915222
0.5795966982841492
0.5753952860832214
0.573929488658905
0.5729443430900574
0.5672228336334229
0.5638096332550049
0.5605197548866272
0.5597596168518066
0.5583009719848633
0.5582091808319092
0.5575810074806213
0.5482569932937622
0.536760151386261
0.5255016684532166
0.51993727684021
0.5156658291816711
0.5153430700302124
0.5223703384399414
0.5210689306259155
0.523311197757721
0.5248151421546936
0.520674467086792
0.5258904099464417
0.5309743881225586
0.5290265083312988
0.5251538753509521
0.5265785455703735
0.5271355509757996
0.5286469459533691
0.5290698409080505
0.5292300581932068
0.5291445851325989
0.5340816378593445
0.545527458190918
0.5516456365585327
0.5537267923355103
0.5510143637657166
0.5485299229621887
0.5461456179618835
0.539423406124115
0.5313964486122131
0.5222256779670715
0.5155523419380188
0.5161897540092468
0.5123136043548584
0.5091428756713867
0.5075219869613647
0.5101882815361023
0.5139150619506836
0.5144199132919312
0.5103771686553955
0.5076590180397034
0.506812572479248
0.5019238591194153
0.4985623359680176
0.49636197090148926
0.5016209483146667
0.5071883797645569
0.5109591484069824
0.5133863687515259
0.516327977180481
0.5204704403877258
0.5236179828643799
0.5284913778305054
0.5330317616462708
0.5383896231651306
0.5360326170921326
0.5363695621490479
0.5393658876419067
0.5416098833084106
0.543672502040863
0.5455138087272644
0.5460999608039856
0.54627925157547
0.5465425252914429
0.5497368574142456
0.5557490587234497
0.560444176197052
0.5679746270179749
0.5762612223625183
0.5885236263275146
0.6008446216583252
0.6083865761756897
0.6132581830024719
0.6147229671478271
0.6194961667060852
0.6245682835578918
0.6201029419898987
0.6173229217529297
0.6182793974876404
0.6190227270126343
0.6095481514930725
0.6034187078475952
0.5961021780967712
0.5887494087219238
0.5866574048995972
0.5925807952880859
0.5972826480865479
0.5994247198104858
0.5979735255241394
0.5939175486564636
0.5902079939842224
0.5857244729995728
0.5810919404029846
0.5783432722091675
0.5756690502166748
0.5774416923522949
0.5770084261894226
0.5712621808052063
0.5620471239089966
0.5599445104598999
0.560478925704956
0.5643606185913086
0.5692856311798096
0.5719814300537109
0.5741438269615173
0.5765559077262878
0.5825828313827515
0.5950076580047607
0.6090192794799805
0.6232948899269104
0.6313301920890808
0.6393747925758362
0.6462723016738892
0.6584047675132751
0.667003333568573
0.6741569638252258
0.6788848042488098
0.6810951828956604
0.6785378456115723
0.6753618717193604
0.6725133061408997
0.6704755425453186
0.6663443446159363
0.6617046594619751
0.6601163744926453
0.6568623781204224
0.6618890166282654
0.6629180908203125
0.6602712869644165
0.659635066986084
0.6597633957862854
0.6683508157730103
0.6747646331787109
0.6810486316680908
0.6881268620491028
0.6922615766525269
0.6982488036155701
0.7006895542144775
0.7072141766548157
0.712328314781189
0.7164580821990967
0.7190045714378357
0.7167719602584839
0.7142412662506104
0.715239942073822
0.7147858738899231
0.7136216759681702
0.7120383381843567
0.7144677042961121
0.717430830001831
0.7177379131317139
0.7133897542953491
0.7064299583435059
0.7056370973587036
0.7041284441947937
0.7045157551765442
0.7048927545547485
0.7019173502922058
0.6981785893440247
0.7023718357086182
0.7055874466896057
0.7051025032997131
0.7028190493583679
0.7069990038871765
0.7090299725532532
0.7077720761299133
0.6993234157562256
0.696713924407959
0.6967831254005432
0.6884049773216248
0.6847376823425293
0.6811245083808899
0.6752702593803406
0.6706394553184509
0.6709192395210266
0.669323205947876
0.6664853096008301
0.6602655053138733
0.6503949761390686
0.6417654752731323
0.6378533244132996
0.6397772431373596
0.6422209739685059
0.6480261087417603
0.6557808518409729
0.6569112539291382
0.6545907258987427
0.6519101858139038
0.6575383543968201
0.657814085483551
0.6530178785324097
0.6487992405891418
0.6460335850715637
0.6419594883918762
0.6441922783851624
0.6472440958023071
0.6469624042510986
0.6424967050552368
0.6369766592979431
0.6266664266586304
0.6210913062095642
0.6224724650382996
0.6311016082763672
0.6418423652648926
0.6488142609596252
0.6528542637825012
0.6573281288146973
0.6568312048912048
0.6556342244148254
0.658231794834137
0.6627188920974731
0.6666893362998962
0.6717385053634644
0.6726882457733154
0.6728155016899109
0.6725241541862488
0.6773393750190735
0.6816604733467102
0.6830131411552429
0.6832714080810547
0.68791663646698
0.6874625086784363
0.6940590143203735
0.6980072259902954
0.7001848816871643
0.7010083198547363
0.6980441808700562
0.6919659376144409
0.6859464049339294
0.6829293370246887
0.6823110580444336
0.6813385486602783
0.6815324425697327
0.6809273958206177
0.6813579797744751
0.6822766661643982
0.6788201332092285
0.674656867980957
0.6680416464805603
0.6608999371528625
0.6569385528564453
0.6550636291503906
0.6514443159103394
0.6471518874168396
0.639498770236969
0.6302274465560913
0.6229310631752014
0.6197772026062012
0.6195698976516724
0.6196139454841614
0.614885151386261
0.6112236976623535
0.6136796474456787
0.6184122562408447
0.621599018573761
0.6237425208091736
0.6237871646881104
0.6240108013153076
0.6282638311386108
0.6333160996437073
0.6371451616287231
0.6378234624862671
0.6399689316749573
0.6408429741859436
0.6477202773094177
0.6528869867324829
0.6517321467399597
0.642306923866272
0.6360480189323425
0.6361490488052368
0.6359393000602722
0.6416433453559875
0.6461698412895203
0.6477288603782654
0.6467297673225403
0.6450259685516357
0.6471911072731018
0.651202917098999
0.658069372177124
0.670198380947113
0.6773478984832764
0.682667076587677
0.6870392560958862
0.686939537525177
0.6870459914207458
0.6835508346557617
0.6807538866996765
0.6791526675224304
0.6764926314353943
0.6734977960586548
0.6630174517631531
0.6547811031341553
0.6562747955322266
0.6580751538276672
0.6582245826721191
0.6562494039535522
0.6554022431373596
0.6554311513900757
0.6549828052520752
0.6566389799118042
0.6569398045539856
0.6549869775772095
0.6553260087966919
0.6561729907989502
0.6539363861083984
0.6555415391921997
0.6603504419326782
0.6577896475791931
0.653132438659668
0.6498433947563171
0.6532326340675354
0.6498832106590271
0.6459099054336548
0.6454123854637146
0.6446635127067566
0.6467132568359375
0.6497710347175598
0.6497114896774292
0.6499516367912292
0.6494109630584717
0.6500169634819031
0.6500382423400879
0.6516377925872803
0.6503342986106873
0.6459280252456665
0.6410337090492249
0.6381648778915405
0.6395430564880371
0.641654372215271
0.640810489654541
0.640251874923706
0.6372206807136536
0.636501669883728
0.635270893573761
0.6366602778434753
0.6376485824584961
0.6399819254875183
0.6429448127746582
0.6438221335411072
0.6433254480361938
0.6457551717758179
0.6486315727233887
0.6471146941184998
0.6410369873046875
0.6311461329460144
0.6236481666564941
0.6176714897155762
0.6158920526504517
0.6188578605651855
0.6251305341720581
0.6291362047195435
0.6310650706291199
0.6328887939453125
0.632707417011261
0.6356750130653381
0.6348179578781128
0.6311715841293335
0.6267033219337463
0.6200129985809326
0.6144819855690002
0.6118139028549194
0.6140958666801453
0.6105911135673523
0.6051760315895081
0.6010178327560425
0.6007928252220154
0.6052045822143555
0.6132348775863647
0.6175869107246399
0.6222834587097168
0.6237301230430603
0.6218063831329346
0.6152434349060059
0.6072094440460205
0.6029499769210815
0.5996608138084412
0.5994347333908081
0.5972720980644226
0.5937234163284302
0.5915603041648865
0.5921381711959839
0.5902445912361145
0.5919910669326782
0.5909019112586975
0.5866407752037048
0.5837789177894592
0.5879412889480591
0.5863443613052368
0.5844170451164246
0.5822235345840454
0.5794435739517212
0.5789566040039063
0.5793092250823975
0.5844259262084961
0.5926380157470703
0.6015738844871521
0.604471743106842
0.6058921813964844
0.6092849373817444
0.6186481714248657
0.6233996152877808
0.6282170414924622
0.6341538429260254
0.6448437571525574
0.6542157530784607
0.6625671982765198
0.6719399094581604
0.6770907640457153
0.6809493899345398
0.6821572780609131
0.6825880408287048
0.6808933019638062
0.681429922580719
0.680126965045929
0.6823893785476685
0.6853408813476563
0.685274064540863
0.6856699585914612
0.6936536431312561
0.7004674673080444
0.7079819440841675
0.713403582572937
0.7151534557342529
0.7168500423431396
0.7165959477424622
0.7199062705039978
0.722252607345581
0.7225702404975891
0.7240991592407227
0.7240128517150879
0.7211716175079346
0.7181074023246765
0.7232673764228821
0.7292266488075256
0.7333189249038696
0.7368732690811157
0.7362875938415527
0.7380563020706177
0.7427995204925537
0.7508874535560608
0.7566887140274048
0.7609001398086548
0.7637983560562134
0.7700867652893066
0.7753598690032959
0.773684561252594
0.7738870978355408
0.7719646692276001
0.7656443119049072
0.759115993976593
0.7523496150970459
0.7499514818191528
0.7511950135231018
0.7496860027313232
0.7426766157150269
0.7379558682441711
0.7316288948059082
0.7247949838638306
0.7238237261772156
0.7256696224212646
0.7279277443885803
0.7242672443389893
0.7197738289833069
0.716067910194397
0.7086747288703918
0.7028080821037292
0.6974517703056335
0.697439968585968
0.6943692564964294
0.6934483051300049
0.6903160810470581
0.6846300363540649
0.6796956062316895
0.6758724451065063
0.6802809834480286
0.6850306391716003
0.6880789399147034
0.6863545775413513
0.6862863302230835
0.6863672733306885
0.6831896305084229
0.6761205792427063
0.6658529043197632
0.6555840373039246
0.647743284702301
0.6396461129188538
0.634589433670044
0.6322715878486633
0.6301419138908386
0.6285613179206848
0.6256024837493896
0.6214389204978943
0.6182821393013
0.6224794387817383
0.6276339292526245
0.631312370300293
0.62891685962677
0.6284056901931763
0.6297383308410645
0.6305028796195984
0.6322596669197083
0.6343556642532349
0.6402528882026672
0.6490203738212585
0.6533974409103394
0.6505115628242493
0.6470325589179993
0.6419504880905151
0.6390920877456665
0.6383859515190125
0.6432834267616272
0.6423208713531494
0.6420343518257141
0.6392867565155029
0.6383746266365051
0.6396113634109497
0.6406232118606567
0.6414942145347595
0.6436632871627808
0.6476011276245117
0.6474751830101013
0.6511776447296143
0.6517062187194824
0.6552618741989136
0.657592236995697
0.65692538022995
0.652969241142273
0.6468405723571777
0.6436164975166321
0.6394366025924683
0.6337710618972778
0.6303969621658325
0.6259097456932068
0.6262877583503723
0.6221108436584473
0.6165031790733337
0.6102993488311768
0.6102499961853027
0.6112383604049683
0.6198304891586304
0.6213871240615845
0.6179815530776978
0.6141200661659241
0.6158896684646606
0.6202491521835327
0.6179689764976501
0.6157380938529968
0.6158831119537354
0.6131351590156555
0.6118098497390747
0.6063365340232849
0.5997690558433533
0.5930222868919373
0.5899085402488708
0.5884519815444946
0.5845564603805542
0.5833514332771301
0.5836372971534729
0.5846632122993469
0.5809761881828308
0.5830293297767639
0.5847079753875732
0.5915104746818542
0.5958791375160217
0.5984886884689331
0.6017056107521057
0.6059439778327942
0.6104453206062317
0.6130610704421997
0.6124210953712463
0.6108032464981079
0.6104162335395813
0.6142398715019226
0.6161506175994873
0.6164814829826355
0.6135249137878418
0.6088504195213318
0.6054335832595825
0.6024673581123352
0.6016715168952942
0.6030336022377014
0.6014371514320374
0.5997213125228882
0.5986776947975159
0.5954364538192749
0.5941284894943237
0.597413182258606
0.5992769002914429
0.5998162031173706
0.5931031107902527
0.5928815007209778
0.5997511148452759
0.6037471294403076
0.6064407229423523
0.6076035499572754
0.6059212684631348
0.606892466545105
0.6044014692306519
0.6038948893547058
0.6045536398887634
0.6008687019348145
0.5975559949874878
0.5978077054023743
0.5951162576675415
0.5920722484588623
0.5857686400413513
0.5851523280143738
0.5857104063034058
0.5875528454780579
0.5908101797103882
0.5877807140350342
0.5820557475090027
0.57527756690979
0.5767533779144287
0.5754638910293579
0.5717844367027283
0.567215621471405
0.5660760998725891
0.5677867531776428
0.5692253708839417
0.5666264295578003
0.5675734877586365
0.5661596655845642
0.5662566423416138
0.5729575157165527
0.5732384324073792
0.5722945928573608
0.5731533169746399
0.5738956928253174
0.5726653933525085
0.575938880443573
0.5778080821037292
0.5816928148269653
0.584997832775116
0.5861565470695496
0.5855843424797058
0.5788177847862244
0.5683960318565369
0.5614991188049316
0.5521005392074585
0.5430065989494324
0.534865140914917
0.5311720967292786
0.5290255546569824
0.5259867310523987
0.5248897671699524
0.5216164588928223
0.517942488193512
0.5183066129684448
0.5179108381271362
0.5161108374595642
0.5164452195167542
0.5161486268043518
0.5202902555465698
0.524045467376709
0.524513304233551
0.5199846029281616
0.5167825222015381
0.5129672884941101
0.5114384889602661
0.5017037987709045
0.49683913588523865
0.4881552457809448
0.48288801312446594
0.47827860713005066
0.4780302047729492
0.47928017377853394
0.4870122969150543
0.49543479084968567
0.5041528344154358
0.5094913244247437
0.5137215256690979
0.5140189528465271
0.5088176727294922
0.5047687888145447
0.5081994533538818
0.5134584903717041
0.5193604826927185
0.5233312845230103
0.527423083782196
0.5304242968559265
0.5340611934661865
0.5413416624069214
0.544068455696106
0.541370689868927
0.5424463152885437
0.5446867346763611
0.5451222658157349
0.546033501625061
0.5452309846878052
0.5418347716331482
0.5377100110054016
0.5353756546974182
0.5353192090988159
0.5340321660041809
0.5376308560371399
0.5394898056983948
0.5438489317893982
0.5462126731872559
0.5488054156303406
0.5505045652389526
0.5561563968658447
0.5625053644180298
0.5664855241775513
0.5640653371810913
0.5628459453582764
0.563309907913208
0.5669938921928406
0.5678390264511108
0.5697048306465149
0.5730262398719788
0.5781874656677246
0.580985426902771
0.5800446271896362
0.5801998972892761
0.5787372589111328
0.5816416144371033
0.5823147892951965
0.5786486268043518
0.5781962871551514
0.5764111280441284
0.575971245765686
0.5736321806907654
0.5715329647064209
0.5688925981521606
0.5655803680419922
0.5637322068214417
0.5592206716537476
0.5541781783103943
0.5404159426689148
0.5286563634872437
0.521025538444519
0.5230723023414612
0.5217499732971191
0.5249919295310974
0.5297759771347046
0.5320921540260315
0.5378955602645874
0.5415886640548706
0.5434388518333435
0.5470069646835327
0.5500036478042603
0.555659294128418
0.5580854415893555
0.5635234713554382
0.5640805959701538
0.5680172443389893
0.5674763917922974
0.5679273009300232
0.5659896731376648
0.5603370070457458
0.5576261878013611
0.5555070042610168
0.5580613017082214
0.5529897809028625
0.5481403470039368
0.5463797450065613
0.5532175898551941
0.558951735496521
0.5634311437606812
0.5664340257644653
0.5659173727035522
0.5653340220451355
0.5680184364318848
0.5727148056030273
0.574970543384552
0.5724446177482605
0.5703340172767639
0.5661666393280029
0.5614538192749023
0.5571163296699524
0.5567069053649902
0.5554227828979492
0.5544745326042175
0.5517715215682983
0.5455513596534729
0.5419122576713562
0.5380623936653137
0.5392554402351379
0.5442795753479004
0.5398766994476318
0.537955105304718
0.5337258577346802
0.5310779213905334
0.5361018180847168
0.5416279435157776
0.5493701696395874
0.5514097809791565
0.5520984530448914
0.5542328953742981
0.5549148321151733
0.5587396025657654
0.5639510154724121
0.5689128041267395
0.5674306750297546
0.5654652118682861
0.5660404562950134
0.5693778395652771
0.5728982090950012
0.5743237733840942
0.5740357637405396
0.5612835884094238
0.5505278706550598
0.5442236661911011
0.5417585968971252
0.5407918095588684
0.5398139357566833
0.539728045463562
0.5423159003257751
0.5461311340332031
0.553655743598938
0.5524612665176392
0.550640344619751
0.5559045672416687
0.5586500763893127
0.5620792508125305
0.562117338180542
0.5595743060112
0.5545843243598938
0.553932249546051
0.5515336394309998
0.5491332411766052
0.5484074354171753
0.5496984720230103
0.5536768436431885
0.5594601035118103
0.5627625584602356
0.5694854259490967
0.5743476748466492
0.5724978446960449
0.5690239667892456
0.5665785074234009
0.5696373581886292
0.5702084302902222
0.5665844082832336
0.5649673342704773
0.5655867457389832
0.5715620517730713
0.5792529582977295
0.5893107652664185
0.6011886596679688
0.6071717739105225
0.6080155372619629
0.6061185002326965
0.6029472947120667
