#TS 	 TEMP
0 	 308.7685
10 	 333.8987
20 	 329.9421
30 	 326.4938
40 	 329.6577
50 	 334.5603
60 	 335.4746
70 	 341.3471
80 	 339.7894
90 	 335.8600
100 	 344.0462
110 	 347.0442
120 	 343.7223
130 	 345.3014
140 	 343.9647
150 	 346.4208
160 	 347.4085
170 	 346.3244
180 	 349.8878
190 	 348.4543
200 	 348.3929
210 	 348.5528
220 	 347.9075
230 	 350.9429
240 	 347.0518
250 	 352.9700
260 	 357.3008
270 	 354.3137
280 	 354.8909
290 	 350.7937
300 	 352.9350
310 	 351.8603
320 	 351.5182
330 	 357.8960
340 	 353.6283
350 	 355.5024
360 	 357.0809
370 	 361.0344
380 	 357.5528
390 	 355.1214
400 	 358.1142
410 	 360.2825
420 	 353.6520
430 	 354.9378
440 	 359.3867
450 	 359.2467
460 	 358.2280
470 	 360.4082
480 	 362.0699
490 	 362.0850
500 	 360.6738
510 	 361.5139
520 	 362.9376
530 	 360.2402
540 	 365.0579
550 	 365.1817
560 	 368.8848
570 	 363.6737
580 	 366.0697
590 	 360.9439
600 	 365.3849
610 	 363.1273
620 	 361.2118
630 	 365.2984
640 	 361.0725
650 	 362.5751
660 	 361.5236
670 	 364.8873
680 	 367.4797
690 	 363.1976
700 	 367.7632
710 	 364.5062
720 	 370.1061
730 	 367.6356
740 	 367.1078
750 	 366.4786
760 	 368.0663
770 	 366.8443
780 	 368.6243
790 	 363.7091
800 	 362.9031
810 	 366.2591
820 	 368.6215
830 	 368.6587
840 	 366.2200
850 	 367.3830
860 	 367.8119
870 	 365.8746
880 	 369.2993
890 	 364.6025
900 	 365.8301
910 	 368.3172
920 	 371.4655
930 	 368.1446
940 	 368.3715
950 	 368.1000
960 	 362.9231
970 	 367.4175
980 	 371.4281
990 	 367.4508
1000 	 363.5511
1010 	 365.2954
1020 	 367.5528
1030 	 365.8439
1040 	 363.1718
1050 	 364.9546
1060 	 363.8269
1070 	 361.8578
1080 	 360.7880
1090 	 365.6905
1100 	 368.7414
1110 	 364.0426
1120 	 364.8417
1130 	 367.6467
1140 	 361.5743
1150 	 365.7145
1160 	 371.7035
1170 	 369.0401
1180 	 366.1324
1190 	 370.9558
1200 	 367.2122
1210 	 365.4178
1220 	 370.2419
1230 	 370.0922
1240 	 367.3396
1250 	 370.2046
1260 	 366.0118
1270 	 365.2873
1280 	 367.3824
1290 	 362.4619
1300 	 368.3410
1310 	 365.5795
1320 	 365.9351
1330 	 358.9568
1340 	 362.7041
1350 	 360.9499
1360 	 366.6075
1370 	 369.7894
1380 	 369.3864
1390 	 363.1792
1400 	 367.7683
1410 	 365.3530
1420 	 367.6634
1430 	 365.5967
1440 	 368.6706
1450 	 372.5819
1460 	 360.7433
1470 	 368.7417
1480 	 366.9116
1490 	 369.6403
1500 	 371.1792
1510 	 377.9419
1520 	 366.9662
1530 	 373.6755
1540 	 373.9471
1550 	 363.0772
1560 	 366.4736
1570 	 370.5139
1580 	 370.1069
1590 	 364.5953
1600 	 367.6027
1610 	 367.6215
1620 	 365.1544
1630 	 362.7160
1640 	 370.3415
1650 	 363.0763
1660 	 367.9399
1670 	 365.5102
1680 	 364.1175
1690 	 367.6515
1700 	 368.7150
1710 	 368.7592
1720 	 364.6679
1730 	 371.7504
1740 	 371.8885
1750 	 364.9096
1760 	 370.3607
1770 	 369.0837
1780 	 370.3729
1790 	 370.3122
1800 	 367.1133
1810 	 372.9219
1820 	 362.9341
1830 	 359.7049
1840 	 369.3693
1850 	 366.9573
1860 	 369.6671
1870 	 368.3783
1880 	 366.1098
1890 	 371.5427
1900 	 370.5784
1910 	 363.4082
1920 	 363.6797
1930 	 366.9522
1940 	 367.9569
1950 	 367.1503
1960 	 369.1624
1970 	 368.6974
1980 	 366.5179
1990 	 371.3143
2000 	 365.1492
2010 	 368.9929
2020 	 368.2684
2030 	 365.9416
2040 	 367.7817
2050 	 367.1469
2060 	 370.4509
2070 	 363.1951
2080 	 363.4334
2090 	 371.8502
2100 	 370.4122
2110 	 366.8804
2120 	 364.5521
2130 	 370.8073
2140 	 369.2195
2150 	 371.8761
2160 	 367.5224
2170 	 366.2105
2180 	 367.8570
2190 	 369.4873
2200 	 367.7581
2210 	 371.3734
2220 	 368.4564
2230 	 371.8116
2240 	 372.2031
2250 	 373.2600
2260 	 367.0463
2270 	 374.2086
2280 	 369.5107
2290 	 370.1799
2300 	 375.0149
2310 	 367.4235
2320 	 372.8066
2330 	 368.4213
2340 	 365.9290
2350 	 369.2820
2360 	 365.0842
2370 	 362.3776
2380 	 368.5010
2390 	 372.0986
2400 	 373.0423
2410 	 371.7821
2420 	 368.8291
2430 	 371.1537
2440 	 369.1038
2450 	 369.8374
2460 	 369.3708
2470 	 368.4658
2480 	 369.3038
2490 	 367.9396
2500 	 366.5789
2510 	 374.5236
2520 	 370.2370
2530 	 366.9176
2540 	 360.8044
2550 	 367.9825
2560 	 374.3030
2570 	 370.5993
2580 	 368.5946
2590 	 368.2556
2600 	 373.7995
2610 	 367.8749
2620 	 372.0479
2630 	 367.9509
2640 	 368.2995
2650 	 375.9392
2660 	 368.3689
2670 	 371.9518
2680 	 369.9980
2690 	 367.7660
2700 	 369.2236
2710 	 366.6123
2720 	 367.1534
2730 	 368.4354
2740 	 368.3919
2750 	 372.4040
2760 	 366.2902
2770 	 366.7960
2780 	 369.3238
2790 	 366.0980
2800 	 371.4129
2810 	 369.8214
2820 	 369.6415
2830 	 364.1285
2840 	 367.5646
2850 	 367.1787
2860 	 363.5559
2870 	 365.5193
2880 	 361.6531
2890 	 363.5864
2900 	 365.6807
2910 	 370.6113
2920 	 368.8297
2930 	 366.5121
2940 	 370.3857
2950 	 365.8134
2960 	 363.4752
2970 	 366.6841
2980 	 369.6193
2990 	 370.2808
3000 	 370.6885
3010 	 367.1477
3020 	 364.2571
3030 	 372.1970
3040 	 365.0833
3050 	 371.0293
3060 	 366.9109
3070 	 360.8147
3080 	 368.9826
3090 	 369.5840
3100 	 365.7963
3110 	 367.7029
3120 	 368.8809
3130 	 373.3507
3140 	 370.9648
3150 	 372.6017
3160 	 367.9721
3170 	 366.1835
3180 	 371.0827
3190 	 363.9856
3200 	 367.5249
3210 	 370.8745
3220 	 375.1269
3230 	 372.2517
3240 	 377.3389
3250 	 369.1333
3260 	 366.7241
3270 	 371.7551
3280 	 368.9698
3290 	 373.8500
3300 	 372.1495
3310 	 364.9825
3320 	 371.0472
3330 	 367.5483
3340 	 374.2665
3350 	 374.8124
3360 	 369.6533
3370 	 368.9535
3380 	 368.9156
3390 	 370.1196
3400 	 367.2319
3410 	 366.6252
3420 	 361.2626
3430 	 365.8908
3440 	 363.6183
3450 	 370.1986
3460 	 372.0517
3470 	 365.5676
3480 	 365.7655
3490 	 374.4193
3500 	 359.9245
3510 	 363.7882
3520 	 365.4439
3530 	 370.8600
3540 	 374.6206
3550 	 371.1221
3560 	 366.7457
3570 	 374.9404
3580 	 373.1585
3590 	 372.8458
3600 	 374.5447
3610 	 371.5831
3620 	 367.1635
3630 	 367.7957
3640 	 358.2747
3650 	 367.3082
3660 	 372.0670
3670 	 367.9835
3680 	 370.3588
3690 	 363.5819
3700 	 367.2485
3710 	 366.5416
3720 	 360.0050
3730 	 367.1424
3740 	 373.0358
3750 	 366.3960
3760 	 368.7170
3770 	 367.8668
3780 	 367.6458
3790 	 363.4120
3800 	 364.9757
3810 	 367.9367
3820 	 367.9611
3830 	 369.0939
3840 	 369.7380
3850 	 370.3906
3860 	 372.3849
3870 	 366.8093
3880 	 368.1974
3890 	 366.1967
3900 	 368.5105
3910 	 368.1488
3920 	 369.3740
3930 	 363.5265
3940 	 365.8670
3950 	 373.0991
3960 	 369.8968
3970 	 362.4824
3980 	 364.4577
3990 	 365.0103
4000 	 366.4947
4010 	 361.4410
4020 	 361.9017
4030 	 367.9503
4040 	 366.4806
4050 	 370.8370
4060 	 367.9399
4070 	 369.4295
4080 	 364.4093
4090 	 368.4552
4100 	 371.6773
4110 	 369.0237
4120 	 366.0553
4130 	 370.2351
4140 	 371.4462
4150 	 375.5628
4160 	 373.6935
4170 	 377.5202
4180 	 371.9348
4190 	 369.5462
4200 	 368.0573
4210 	 369.7356
4220 	 371.7488
4230 	 371.1086
4240 	 368.8477
4250 	 369.9029
4260 	 366.9658
4270 	 373.0213
4280 	 365.9867
4290 	 367.2210
4300 	 367.2897
4310 	 366.9395
4320 	 364.3471
4330 	 368.5994
4340 	 373.1571
4350 	 373.8279
4360 	 369.9426
4370 	 372.1278
4380 	 367.7664
4390 	 371.5080
4400 	 368.6568
4410 	 371.2557
4420 	 368.9685
4430 	 368.4521
4440 	 368.7679
4450 	 365.8910
4460 	 367.4370
4470 	 372.9984
4480 	 368.5848
4490 	 366.9730
4500 	 372.7227
4510 	 365.9000
4520 	 372.0932
4530 	 372.7337
4540 	 374.8227
4550 	 366.3393
4560 	 371.8498
4570 	 373.5044
4580 	 375.4184
4590 	 368.6742
4600 	 376.6721
4610 	 367.2668
4620 	 365.1564
4630 	 368.5577
4640 	 363.6024
4650 	 371.8530
4660 	 370.4003
4670 	 370.8567
4680 	 364.4795
4690 	 371.5429
4700 	 366.2821
4710 	 363.6106
4720 	 365.0765
4730 	 366.8055
4740 	 360.0089
4750 	 365.0934
4760 	 363.2812
4770 	 364.6296
4780 	 370.1683
4790 	 369.3972
4800 	 373.4048
4810 	 366.4544
4820 	 368.7096
4830 	 368.6278
4840 	 371.5342
4850 	 365.2516
4860 	 371.4571
4870 	 369.4609
4880 	 369.3817
4890 	 373.0734
4900 	 367.3266
4910 	 371.0367
4920 	 370.7585
4930 	 375.8504
4940 	 370.5672
4950 	 372.4015
4960 	 374.9221
4970 	 368.0672
4980 	 369.7933
4990 	 366.4851
5000 	 370.1992
5010 	 362.6563
5020 	 371.2000
5030 	 374.0134
5040 	 372.0189
5050 	 368.7610
5060 	 370.1132
5070 	 369.9657
5080 	 374.7073
5090 	 372.3266
5100 	 369.9728
5110 	 370.2333
5120 	 371.1024
5130 	 367.9175
5140 	 366.0008
5150 	 363.9603
5160 	 368.2595
5170 	 366.9099
5180 	 371.7762
5190 	 368.2568
5200 	 368.1409
5210 	 373.7093
5220 	 368.9889
5230 	 370.9245
5240 	 370.1429
5250 	 373.7882
5260 	 368.4740
5270 	 373.4903
5280 	 370.1102
5290 	 368.2906
5300 	 369.5196
5310 	 366.9502
5320 	 368.0055
5330 	 368.4455
5340 	 369.9200
5350 	 364.7282
5360 	 369.2091
5370 	 369.5722
5380 	 366.7522
5390 	 369.0812
5400 	 369.0590
5410 	 368.1146
5420 	 367.0641
5430 	 371.1810
5440 	 374.1758
5450 	 373.2136
5460 	 372.3702
5470 	 369.9178
5480 	 368.3110
5490 	 368.8134
5500 	 365.5519
5510 	 371.1061
5520 	 375.5234
5530 	 372.8308
5540 	 371.6474
5550 	 375.4294
5560 	 371.9543
5570 	 369.0304
5580 	 372.3133
5590 	 367.7205
5600 	 372.3118
5610 	 372.9918
5620 	 371.3892
5630 	 372.3734
5640 	 370.3898
5650 	 368.8303
5660 	 366.8587
5670 	 370.2354
5680 	 371.4529
5690 	 375.2642
5700 	 370.6780
5710 	 370.4828
5720 	 370.6458
5730 	 369.4081
5740 	 372.4198
5750 	 368.8035
5760 	 368.9801
5770 	 372.5600
5780 	 370.5499
5790 	 367.8433
5800 	 371.8071
5810 	 371.2314
5820 	 363.6454
5830 	 373.0758
5840 	 369.1807
5850 	 368.9685
5860 	 375.1584
5870 	 370.7900
5880 	 367.6752
5890 	 366.3005
5900 	 375.4942
5910 	 366.7938
5920 	 367.6317
5930 	 364.9176
5940 	 371.1850
5950 	 370.3560
5960 	 369.9937
5970 	 366.0288
5980 	 368.5059
5990 	 366.2392
6000 	 372.8546
6010 	 366.0355
6020 	 368.5071
6030 	 378.9164
6040 	 366.9375
6050 	 371.6906
6060 	 370.8180
6070 	 374.9016
6080 	 367.5566
6090 	 369.5718
6100 	 372.4610
6110 	 369.6337
6120 	 373.2313
6130 	 374.7135
6140 	 372.7798
6150 	 378.4795
6160 	 367.2793
6170 	 367.9815
6180 	 366.4991
6190 	 370.4291
6200 	 372.8013
6210 	 369.7914
6220 	 371.7722
6230 	 372.9450
6240 	 369.4077
6250 	 368.0985
6260 	 370.8119
6270 	 374.8639
6280 	 367.8171
6290 	 371.4038
6300 	 368.8017
6310 	 369.4122
6320 	 363.8782
6330 	 362.3464
6340 	 370.3084
6350 	 369.9964
6360 	 368.2202
6370 	 371.1224
6380 	 369.0031
6390 	 371.6137
6400 	 368.0313
6410 	 366.3297
6420 	 374.9642
6430 	 371.8855
6440 	 377.4953
6450 	 373.0121
6460 	 373.9856
6470 	 370.9313
6480 	 370.1919
6490 	 368.3341
6500 	 370.7971
6510 	 366.8864
6520 	 366.0066
6530 	 366.5429
6540 	 369.3116
6550 	 369.1053
6560 	 371.6879
6570 	 364.5780
6580 	 372.5567
6590 	 372.6981
6600 	 377.6490
6610 	 373.1984
6620 	 373.1481
6630 	 371.9022
6640 	 365.2309
6650 	 369.5498
6660 	 371.5949
6670 	 372.0955
6680 	 371.2200
6690 	 374.9344
6700 	 372.8529
6710 	 373.3327
6720 	 374.1469
6730 	 373.3221
6740 	 371.2386
6750 	 366.4809
6760 	 369.4726
6770 	 370.2703
6780 	 376.7011
6790 	 375.0398
6800 	 371.1933
6810 	 370.9561
6820 	 363.0775
6830 	 374.8398
6840 	 374.3899
6850 	 374.4173
6860 	 375.4690
6870 	 374.2180
6880 	 370.5762
6890 	 373.1878
6900 	 379.0676
6910 	 375.2194
6920 	 375.0022
6930 	 369.7617
6940 	 364.1295
6950 	 368.9222
6960 	 371.8644
6970 	 370.6809
6980 	 368.5336
6990 	 369.1417
7000 	 369.7989
7010 	 372.6390
7020 	 370.1679
7030 	 373.9892
7040 	 379.8104
7050 	 371.6188
7060 	 368.2066
7070 	 371.6354
7080 	 378.2286
7090 	 374.6195
7100 	 368.9611
7110 	 367.3877
7120 	 369.3965
7130 	 369.4579
7140 	 371.2871
7150 	 368.4693
7160 	 371.1659
7170 	 372.7186
7180 	 361.9043
7190 	 368.2241
7200 	 370.2386
7210 	 370.3492
7220 	 368.9427
7230 	 364.8690
7240 	 373.8996
7250 	 375.1012
7260 	 369.7421
7270 	 373.9368
7280 	 372.7286
7290 	 365.2172
7300 	 371.6473
7310 	 373.2547
7320 	 369.7910
7330 	 372.2751
7340 	 369.0725
7350 	 365.6735
7360 	 372.4463
7370 	 378.6003
7380 	 376.1676
7390 	 372.1042
7400 	 372.2986
7410 	 368.7390
7420 	 371.2282
7430 	 375.3701
7440 	 371.6422
7450 	 372.8891
7460 	 364.5798
7470 	 365.1435
7480 	 368.9694
7490 	 370.9510
7500 	 369.1414
7510 	 370.0543
7520 	 364.1536
7530 	 372.1486
7540 	 367.8807
7550 	 374.1440
7560 	 371.9567
7570 	 373.2536
7580 	 370.0366
7590 	 366.4099
7600 	 369.8653
7610 	 371.2268
7620 	 368.5623
7630 	 367.7829
7640 	 367.9713
7650 	 369.6059
7660 	 367.9501
7670 	 369.9906
7680 	 370.8819
7690 	 363.8367
7700 	 364.4030
7710 	 362.2017
7720 	 366.1194
7730 	 369.5658
7740 	 371.0020
7750 	 375.8569
7760 	 368.5777
7770 	 371.5426
7780 	 370.9282
7790 	 368.2407
7800 	 375.2681
7810 	 372.1232
7820 	 366.1810
7830 	 369.4183
7840 	 364.3806
7850 	 368.3508
7860 	 372.6875
7870 	 372.0604
7880 	 372.9948
7890 	 377.5205
7900 	 370.1437
7910 	 375.8615
7920 	 375.9145
7930 	 373.5148
7940 	 379.6099
7950 	 377.5031
7960 	 369.4866
7970 	 372.4733
7980 	 373.0664
7990 	 373.5073
8000 	 372.6785
8010 	 369.5871
8020 	 371.4375
8030 	 369.1029
8040 	 371.9076
8050 	 368.8960
8060 	 364.2458
8070 	 369.4711
8080 	 366.0956
8090 	 370.2426
8100 	 375.5105
8110 	 371.7982
8120 	 373.6522
8130 	 371.1588
8140 	 368.8976
8150 	 373.2319
8160 	 372.7791
8170 	 372.8472
8180 	 365.8411
8190 	 369.7889
8200 	 372.0407
8210 	 371.3434
8220 	 366.8626
8230 	 367.6116
8240 	 369.6644
8250 	 365.5135
8260 	 368.3041
8270 	 368.7407
8280 	 365.5385
8290 	 361.7453
8300 	 370.3279
8310 	 365.6911
8320 	 363.3979
8330 	 365.2184
8340 	 367.6944
8350 	 367.8098
8360 	 368.7907
8370 	 367.8482
8380 	 371.9828
8390 	 370.7219
8400 	 370.3272
8410 	 369.4718
8420 	 369.7356
8430 	 370.3696
8440 	 371.2777
8450 	 363.4606
8460 	 366.7670
8470 	 372.3786
8480 	 371.7746
8490 	 368.4422
8500 	 367.0643
8510 	 371.6949
8520 	 370.5282
8530 	 369.3669
8540 	 373.3784
8550 	 366.3394
8560 	 372.5936
8570 	 368.4202
8580 	 372.7885
8590 	 370.3183
8600 	 367.1414
8610 	 370.8359
8620 	 363.1473
8630 	 363.7632
8640 	 365.2429
8650 	 372.9261
8660 	 368.5660
8670 	 372.4215
8680 	 367.8315
8690 	 371.2150
8700 	 370.0231
8710 	 367.5900
8720 	 365.5550
8730 	 372.2979
8740 	 366.0921
8750 	 369.5857
8760 	 368.4909
8770 	 369.4125
8780 	 367.1993
8790 	 372.0303
8800 	 371.8390
8810 	 374.8974
8820 	 370.7011
8830 	 373.6051
8840 	 377.0160
8850 	 375.1635
8860 	 370.2433
8870 	 370.0300
8880 	 369.9531
8890 	 370.9482
8900 	 378.0731
8910 	 376.5854
8920 	 375.1990
8930 	 375.3222
8940 	 369.9652
8950 	 375.0196
8960 	 376.4455
8970 	 373.4309
8980 	 376.0596
8990 	 378.7751
9000 	 374.8335
9010 	 376.3209
9020 	 367.3034
9030 	 377.0924
9040 	 372.6610
9050 	 374.0891
9060 	 378.2534
9070 	 364.4502
9080 	 367.8539
9090 	 372.5509
9100 	 372.1206
9110 	 368.9105
9120 	 361.1874
9130 	 376.7140
9140 	 371.6899
9150 	 369.9280
9160 	 369.4341
9170 	 374.4756
9180 	 365.4082
9190 	 373.0626
9200 	 368.9670
9210 	 375.4807
9220 	 377.6528
9230 	 370.1622
9240 	 372.1223
9250 	 370.8542
9260 	 366.7097
9270 	 370.1206
9280 	 366.8112
9290 	 369.5320
9300 	 369.5044
9310 	 363.5575
9320 	 366.2229
9330 	 367.9722
9340 	 367.7354
9350 	 369.8327
9360 	 372.0004
9370 	 364.9314
9380 	 366.3811
9390 	 368.9523
9400 	 365.9065
9410 	 367.9640
9420 	 370.8888
9430 	 366.4144
9440 	 364.5871
9450 	 372.1925
9460 	 368.6802
9470 	 366.5439
9480 	 370.2967
9490 	 365.7352
9500 	 371.1549
9510 	 366.7833
9520 	 365.6673
9530 	 361.8279
9540 	 371.1287
9550 	 367.6169
9560 	 371.6337
9570 	 370.0193
9580 	 368.3494
9590 	 367.6582
9600 	 370.7335
9610 	 370.6891
9620 	 367.9238
9630 	 371.1563
9640 	 374.9637
9650 	 374.6873
9660 	 375.1885
9670 	 375.3277
9680 	 375.3796
9690 	 370.8889
9700 	 377.8027
9710 	 372.2371
9720 	 374.2314
9730 	 369.0764
9740 	 368.3461
9750 	 366.4516
9760 	 372.5705
9770 	 372.5341
9780 	 369.3814
9790 	 372.9840
9800 	 375.4229
9810 	 372.3107
9820 	 371.9670
9830 	 370.8212
9840 	 369.7549
9850 	 371.5841
9860 	 369.5984
9870 	 372.7373
9880 	 376.2837
9890 	 371.6927
9900 	 367.8504
9910 	 371.9000
9920 	 369.2301
9930 	 370.2761
9940 	 371.0449
9950 	 370.3634
9960 	 371.7264
9970 	 366.3959
9980 	 374.7020
9990 	 370.6697
10000 	 366.3718
10010 	 373.5016
10020 	 367.2126
10030 	 363.7767
10040 	 368.4564
10050 	 367.6187
10060 	 368.6732
10070 	 370.0074
10080 	 370.7374
10090 	 371.5230
10100 	 372.1250
10110 	 371.9768
10120 	 367.8378
10130 	 371.7305
10140 	 370.3073
10150 	 365.8141
10160 	 363.9317
10170 	 369.0532
10180 	 362.2496
10190 	 371.5478
10200 	 370.6158
10210 	 367.2495
10220 	 367.2051
10230 	 371.0003
10240 	 366.9261
10250 	 370.5812
10260 	 370.8741
10270 	 369.1547
10280 	 371.7360
10290 	 366.2843
10300 	 370.3400
10310 	 368.5130
10320 	 366.1313
10330 	 369.3004
10340 	 368.3452
10350 	 370.9172
10360 	 369.3278
10370 	 363.5934
10380 	 367.8516
10390 	 370.0871
10400 	 366.1974
10410 	 369.9488
10420 	 368.7720
10430 	 366.1521
10440 	 367.4201
10450 	 376.9783
10460 	 373.3225
10470 	 368.1302
10480 	 374.8556
10490 	 372.8325
10500 	 372.5594
10510 	 375.5325
10520 	 365.7136
10530 	 369.8924
10540 	 364.9612
10550 	 371.0730
10560 	 373.5752
10570 	 375.8701
10580 	 374.1275
10590 	 368.4312
10600 	 372.5417
10610 	 370.1173
10620 	 368.6283
10630 	 368.3947
10640 	 374.2228
10650 	 372.9552
10660 	 368.4262
10670 	 370.6868
10680 	 377.2863
10690 	 375.2050
10700 	 373.9402
10710 	 370.5770
10720 	 369.4232
10730 	 363.0126
10740 	 373.2689
10750 	 369.2701
10760 	 376.2518
10770 	 366.7362
10780 	 368.0307
10790 	 366.0701
10800 	 368.3777
10810 	 366.1927
10820 	 369.5521
10830 	 367.3801
10840 	 367.9071
10850 	 369.0588
10860 	 370.8117
10870 	 363.7042
10880 	 371.8031
10890 	 368.8532
10900 	 371.8679
10910 	 371.5038
10920 	 371.4751
10930 	 373.8752
10940 	 368.0595
10950 	 365.9778
10960 	 369.5064
10970 	 370.6117
10980 	 369.9682
10990 	 373.4067
11000 	 369.3814
11010 	 370.7951
11020 	 373.0643
11030 	 371.0827
11040 	 369.1437
11050 	 368.5654
11060 	 364.6589
11070 	 368.5856
11080 	 369.8258
11090 	 368.4005
11100 	 371.2569
11110 	 373.1582
11120 	 366.0353
11130 	 374.4747
11140 	 367.7025
11150 	 369.5560
11160 	 366.9408
11170 	 364.5818
11180 	 377.4877
11190 	 368.5050
11200 	 369.4954
11210 	 370.5433
11220 	 377.2283
11230 	 368.8861
11240 	 370.8115
11250 	 372.7372
11260 	 370.6778
11270 	 370.6491
11280 	 373.3239
11290 	 367.0080
11300 	 372.8768
11310 	 372.0450
11320 	 373.6181
11330 	 373.0863
11340 	 369.0408
11350 	 378.2858
11360 	 373.9143
11370 	 373.9376
11380 	 375.7465
11390 	 372.4534
11400 	 364.6227
11410 	 373.8871
11420 	 375.8673
11430 	 372.1465
11440 	 368.7190
11450 	 369.2558
11460 	 368.6586
11470 	 370.5711
11480 	 364.9840
11490 	 369.6589
11500 	 375.0677
11510 	 372.8226
11520 	 369.0240
11530 	 365.9923
11540 	 364.4120
11550 	 368.6264
11560 	 367.9911
11570 	 370.7114
11580 	 367.4702
11590 	 372.5617
11600 	 371.6793
11610 	 363.9563
11620 	 375.8430
11630 	 369.8912
11640 	 371.3171
11650 	 365.0189
11660 	 371.1706
11670 	 367.6703
11680 	 373.9057
11690 	 374.0030
11700 	 367.6443
11710 	 370.7522
11720 	 370.7213
11730 	 365.5050
11740 	 366.6506
11750 	 364.3045
11760 	 369.1353
11770 	 368.1507
11780 	 370.9824
11790 	 370.0461
11800 	 376.3899
11810 	 369.6317
11820 	 373.6455
11830 	 374.6009
11840 	 370.5697
11850 	 374.3902
11860 	 369.4322
11870 	 369.8023
11880 	 365.8914
11890 	 364.7884
11900 	 364.6903
11910 	 362.6293
11920 	 365.5636
11930 	 367.3921
11940 	 367.0302
11950 	 364.8050
11960 	 361.1620
11970 	 369.2274
11980 	 370.5546
11990 	 368.1944
12000 	 368.0522
12010 	 371.1567
12020 	 368.8342
12030 	 363.6628
12040 	 372.7351
12050 	 373.8987
12060 	 373.6188
12070 	 373.7101
12080 	 370.1973
12090 	 373.4877
12100 	 371.9175
12110 	 368.3272
12120 	 373.0189
12130 	 372.3487
12140 	 371.4130
12150 	 367.3496
12160 	 361.4557
12170 	 371.9432
12180 	 373.2068
12190 	 371.3436
12200 	 366.3286
12210 	 366.4821
12220 	 365.9363
12230 	 368.1779
12240 	 366.2559
12250 	 369.3902
12260 	 369.5237
12270 	 365.0149
12280 	 364.3733
12290 	 366.4228
12300 	 367.2316
12310 	 362.4704
12320 	 371.7486
12330 	 370.3399
12340 	 369.7483
12350 	 370.8416
12360 	 373.0801
12370 	 372.9202
12380 	 366.8915
12390 	 369.8572
12400 	 363.7568
12410 	 369.0581
12420 	 370.8766
12430 	 364.7697
12440 	 366.3597
12450 	 367.1109
12460 	 372.9302
12470 	 367.1784
12480 	 368.1787
12490 	 373.1742
12500 	 368.1965
12510 	 365.4557
12520 	 372.0734
12530 	 377.9839
12540 	 373.5655
12550 	 377.2204
12560 	 367.4648
12570 	 369.8390
12580 	 370.2526
12590 	 373.1754
12600 	 370.4971
12610 	 372.4272
12620 	 366.8180
12630 	 366.8019
12640 	 373.3403
12650 	 374.7008
12660 	 370.4880
12670 	 367.0558
12680 	 376.5836
12690 	 372.0085
12700 	 373.2018
12710 	 369.1645
12720 	 366.8878
12730 	 370.2502
12740 	 373.1862
12750 	 371.1535
12760 	 367.0639
12770 	 374.4577
12780 	 374.4849
12790 	 374.5230
12800 	 370.5035
12810 	 373.4749
12820 	 369.2454
12830 	 366.1346
12840 	 370.2349
12850 	 373.8698
12860 	 370.6191
12870 	 370.4803
12880 	 368.5024
12890 	 369.9437
12900 	 361.2087
12910 	 369.3603
12920 	 373.5022
12930 	 368.6950
12940 	 371.7620
12950 	 369.7683
12960 	 368.0453
12970 	 371.8935
12980 	 373.4609
12990 	 371.3564
13000 	 373.2508
13010 	 379.6063
13020 	 372.8400
13030 	 369.7205
13040 	 375.3215
13050 	 371.9885
13060 	 375.3283
13070 	 372.5785
13080 	 373.4350
13090 	 373.8519
13100 	 373.8244
13110 	 368.4103
13120 	 371.8802
13130 	 370.5309
13140 	 371.7377
13150 	 366.3896
13160 	 371.0589
13170 	 367.6693
13180 	 368.7346
13190 	 371.1727
13200 	 369.4169
13210 	 372.2447
13220 	 370.7089
13230 	 371.5926
13240 	 369.2634
13250 	 369.1861
13260 	 374.2830
13270 	 371.7847
13280 	 374.4162
13290 	 373.1154
13300 	 371.2766
13310 	 381.5237
13320 	 375.6047
13330 	 377.3133
13340 	 377.7497
13350 	 379.6722
13360 	 373.6032
13370 	 378.0227
13380 	 376.4873
13390 	 372.3453
13400 	 373.0888
13410 	 367.1308
13420 	 371.3393
13430 	 375.0132
13440 	 371.5820
13450 	 373.8898
13460 	 368.6280
13470 	 368.7911
13480 	 370.6000
13490 	 373.8218
13500 	 365.0237
13510 	 373.5022
13520 	 371.0881
13530 	 367.4535
13540 	 367.0019
13550 	 375.5766
13560 	 367.0910
13570 	 375.1978
13580 	 367.3440
13590 	 374.6402
13600 	 368.3006
13610 	 371.5434
13620 	 373.3876
13630 	 375.3940
13640 	 375.7038
13650 	 371.1771
13660 	 378.1749
13670 	 375.2446
13680 	 374.3074
13690 	 375.2231
13700 	 372.8183
13710 	 372.9141
13720 	 365.7790
13730 	 369.4996
13740 	 374.8750
13750 	 373.3945
13760 	 366.9136
13770 	 376.2203
13780 	 368.0785
13790 	 373.5740
13800 	 367.4985
13810 	 371.7558
13820 	 370.0678
13830 	 368.4907
13840 	 363.6053
13850 	 370.1599
13860 	 372.9832
13870 	 373.2577
13880 	 374.8779
13890 	 368.2664
13900 	 372.6534
13910 	 372.8232
13920 	 370.0109
13930 	 372.5302
13940 	 369.4253
13950 	 374.2076
13960 	 371.7649
13970 	 371.6421
13980 	 369.9693
13990 	 374.3286
14000 	 372.7788
14010 	 373.7911
14020 	 377.1030
14030 	 368.4770
14040 	 371.1455
14050 	 373.2941
14060 	 370.8099
14070 	 368.1308
14080 	 370.8883
14090 	 368.2658
14100 	 370.1695
14110 	 374.3082
14120 	 370.6896
14130 	 370.4699
14140 	 373.1862
14150 	 370.8611
14160 	 372.3553
14170 	 366.5157
14180 	 367.4391
14190 	 371.6966
14200 	 371.1845
14210 	 374.1248
14220 	 375.5110
14230 	 369.1935
14240 	 371.4208
14250 	 371.1648
14260 	 367.9379
14270 	 367.6451
14280 	 371.3861
14290 	 369.6255
14300 	 368.4188
14310 	 366.1190
14320 	 370.9230
14330 	 372.2177
14340 	 366.6266
14350 	 367.2136
14360 	 368.6896
14370 	 365.6397
14380 	 374.1603
14390 	 370.9537
14400 	 374.3558
14410 	 374.2242
14420 	 371.5422
14430 	 367.5826
14440 	 369.4413
14450 	 371.5008
14460 	 365.8020
14470 	 366.3849
14480 	 367.8535
14490 	 365.2778
14500 	 369.6928
14510 	 366.4690
14520 	 367.4202
14530 	 362.0217
14540 	 368.5873
14550 	 368.6452
14560 	 368.7341
14570 	 364.1970
14580 	 369.9328
14590 	 365.8178
14600 	 369.3639
14610 	 371.3775
14620 	 370.9004
14630 	 365.0086
14640 	 372.2261
14650 	 370.4387
14660 	 377.2956
14670 	 370.8632
14680 	 368.7603
14690 	 373.2440
14700 	 372.5126
14710 	 369.7285
14720 	 365.9736
14730 	 370.6638
14740 	 377.6467
14750 	 370.4778
14760 	 375.1133
14770 	 371.3175
14780 	 371.9368
14790 	 372.1184
14800 	 367.7311
14810 	 371.3312
14820 	 373.7425
14830 	 369.5086
14840 	 366.5491
14850 	 371.8542
14860 	 371.5145
14870 	 373.7540
14880 	 372.6095
14890 	 371.0286
14900 	 372.5996
14910 	 376.9785
14920 	 371.9516
14930 	 377.6413
14940 	 378.1151
14950 	 377.7378
14960 	 374.9272
14970 	 372.3202
14980 	 370.0303
14990 	 375.6533
15000 	 362.9108
15010 	 365.5322
15020 	 371.9939
15030 	 368.0532
15040 	 367.4908
15050 	 373.6371
15060 	 376.9036
15070 	 370.4003
15080 	 368.5428
15090 	 368.3084
15100 	 374.9403
15110 	 375.2193
15120 	 374.9179
15130 	 372.6766
15140 	 367.1007
15150 	 369.0113
15160 	 372.0998
15170 	 368.5626
15180 	 373.5946
15190 	 373.8439
15200 	 373.1940
15210 	 367.3360
15220 	 369.3408
15230 	 374.8847
15240 	 370.1266
15250 	 368.3338
15260 	 371.1529
15270 	 363.8147
15280 	 368.3040
15290 	 370.1559
15300 	 369.7813
15310 	 371.9038
15320 	 370.6892
15330 	 369.6396
15340 	 373.5976
15350 	 370.6450
15360 	 367.5482
15370 	 368.2099
15380 	 367.6455
15390 	 365.8070
15400 	 372.5698
15410 	 369.3788
15420 	 364.0035
15430 	 374.4465
15440 	 374.5830
15450 	 371.9610
15460 	 378.5860
15470 	 377.4567
15480 	 376.8446
15490 	 375.3656
15500 	 374.2864
15510 	 373.5274
15520 	 367.6875
15530 	 368.2800
15540 	 377.4069
15550 	 371.7337
15560 	 373.0756
15570 	 368.8100
15580 	 374.5747
15590 	 370.0543
15600 	 362.1385
15610 	 371.9427
15620 	 366.5952
15630 	 367.6510
15640 	 366.4137
15650 	 374.0286
15660 	 367.7060
15670 	 366.5534
15680 	 368.1651
15690 	 368.8348
15700 	 374.7050
15710 	 371.0265
15720 	 372.7388
15730 	 369.1212
15740 	 380.8754
15750 	 374.7596
15760 	 374.8945
15770 	 367.8716
15780 	 372.1299
15790 	 361.7983
15800 	 373.0688
15810 	 369.1468
15820 	 368.7438
15830 	 363.1256
15840 	 373.9859
15850 	 367.9464
15860 	 368.6602
15870 	 363.8707
15880 	 373.7779
15890 	 371.8444
15900 	 365.5260
15910 	 363.2928
15920 	 367.6616
15930 	 367.0600
15940 	 372.9707
15950 	 369.7416
15960 	 369.8083
15970 	 370.2077
15980 	 364.5588
15990 	 373.3439
16000 	 373.3272
16010 	 369.2992
16020 	 373.6307
16030 	 373.5542
16040 	 371.0648
16050 	 373.9135
16060 	 369.9309
16070 	 372.0567
16080 	 369.3035
16090 	 368.2948
16100 	 372.7325
16110 	 376.9267
16120 	 373.8714
16130 	 368.3640
16140 	 374.0559
16150 	 377.3533
16160 	 373.6119
16170 	 368.4935
16180 	 371.1152
16190 	 365.8316
16200 	 372.4916
16210 	 369.5993
16220 	 370.7640
16230 	 366.5756
16240 	 365.4963
16250 	 371.6035
16260 	 372.0125
16270 	 373.1257
16280 	 375.3753
16290 	 368.8570
16300 	 372.5294
16310 	 372.7394
16320 	 372.8197
16330 	 371.0501
16340 	 368.2108
16350 	 373.1391
16360 	 367.3604
16370 	 369.5839
16380 	 365.8232
16390 	 372.3381
16400 	 368.5560
16410 	 370.2364
16420 	 369.0699
16430 	 364.6028
16440 	 371.7713
16450 	 366.7458
16460 	 363.8808
16470 	 368.3037
16480 	 369.7866
16490 	 368.6766
16500 	 367.0825
16510 	 369.3000
16520 	 375.3911
16530 	 370.1352
16540 	 365.9078
16550 	 378.3370
16560 	 373.0675
16570 	 369.7477
16580 	 367.3265
16590 	 364.4980
16600 	 372.0867
16610 	 369.4436
16620 	 373.2218
16630 	 372.6600
16640 	 373.5131
16650 	 371.0678
16660 	 373.2492
16670 	 365.9844
16680 	 372.7650
16690 	 365.9228
16700 	 364.7742
16710 	 371.2845
16720 	 369.8217
16730 	 365.0321
16740 	 365.4908
16750 	 376.5412
16760 	 368.3269
16770 	 368.8375
16780 	 372.7810
16790 	 373.4870
16800 	 374.9148
16810 	 371.2130
16820 	 371.3899
16830 	 370.0191
16840 	 368.5156
16850 	 373.0881
16860 	 368.0611
16870 	 371.2529
16880 	 364.1471
16890 	 369.1436
16900 	 369.4725
16910 	 366.4602
16920 	 372.8410
16930 	 368.8823
16940 	 361.8000
16950 	 374.1912
16960 	 369.7960
16970 	 367.3233
16980 	 371.5881
16990 	 366.5348
17000 	 371.5335
17010 	 372.6768
17020 	 369.6732
17030 	 376.9581
17040 	 368.2109
17050 	 372.7412
17060 	 372.0190
17070 	 366.3490
17080 	 372.5096
17090 	 375.2273
17100 	 371.9453
17110 	 372.8330
17120 	 374.3526
17130 	 374.2641
17140 	 376.2496
17150 	 373.4673
17160 	 369.9378
17170 	 374.5652
17180 	 369.9579
17190 	 372.2914
17200 	 372.2524
17210 	 370.5158
17220 	 370.4570
17230 	 366.0268
17240 	 373.0548
17250 	 373.3702
17260 	 371.9693
17270 	 370.7474
17280 	 370.2626
17290 	 373.4216
17300 	 374.3980
17310 	 371.3823
17320 	 377.5068
17330 	 370.1660
17340 	 369.5687
17350 	 373.9694
17360 	 376.8120
17370 	 373.2698
17380 	 378.3271
17390 	 369.0334
17400 	 375.3961
17410 	 371.8798
17420 	 373.2087
17430 	 375.2850
17440 	 375.7492
17450 	 372.1804
17460 	 374.1074
17470 	 376.0727
17480 	 372.8173
17490 	 369.3412
17500 	 364.2012
17510 	 370.2423
17520 	 371.2903
17530 	 369.2855
17540 	 367.4949
17550 	 370.6013
17560 	 374.2401
17570 	 372.1598
17580 	 366.0704
17590 	 370.5683
17600 	 370.4646
17610 	 372.2651
17620 	 368.7075
17630 	 366.6020
17640 	 369.6812
17650 	 371.1341
17660 	 370.1018
17670 	 376.3707
17680 	 370.1694
17690 	 373.7194
17700 	 369.6031
17710 	 373.7637
17720 	 367.8111
17730 	 369.0706
17740 	 361.7560
17750 	 366.6926
17760 	 369.5752
17770 	 370.9056
17780 	 370.3517
17790 	 372.0948
17800 	 370.5219
17810 	 372.0704
17820 	 374.8506
17830 	 368.2396
17840 	 367.0543
17850 	 370.4737
17860 	 368.8658
17870 	 362.4374
17880 	 369.0932
17890 	 366.9916
17900 	 364.2485
17910 	 369.1153
17920 	 368.3418
17930 	 373.2323
17940 	 371.2773
17950 	 373.2836
17960 	 368.8172
17970 	 369.2344
17980 	 371.1094
17990 	 374.2140
18000 	 374.2680
18010 	 370.4728
18020 	 377.8484
18030 	 377.0311
18040 	 375.7131
18050 	 377.9924
18060 	 376.7626
18070 	 378.9326
18080 	 371.3561
18090 	 371.8490
18100 	 371.8870
18110 	 373.9632
18120 	 370.9120
18130 	 367.4651
18140 	 370.1309
18150 	 377.8176
18160 	 372.9507
18170 	 371.2233
18180 	 370.1087
18190 	 368.1284
18200 	 377.6286
18210 	 373.8653
18220 	 369.6102
18230 	 368.5915
18240 	 369.3276
18250 	 367.1208
18260 	 368.8845
18270 	 373.4024
18280 	 371.3754
18290 	 371.5134
18300 	 374.1091
18310 	 365.2234
18320 	 368.2107
18330 	 368.7454
18340 	 370.4315
18350 	 368.7083
18360 	 367.0945
18370 	 368.2774
18380 	 369.4227
18390 	 371.1670
18400 	 370.7281
18410 	 370.9709
18420 	 369.4944
18430 	 369.2581
18440 	 370.8116
18450 	 366.4711
18460 	 375.0843
18470 	 372.1758
18480 	 366.9056
18490 	 381.3279
18500 	 367.6686
18510 	 372.1831
18520 	 367.7209
18530 	 366.3622
18540 	 372.2549
18550 	 372.0985
18560 	 372.0635
18570 	 368.0382
18580 	 366.4522
18590 	 369.7653
18600 	 369.9289
18610 	 375.3444
18620 	 370.6896
18630 	 370.2022
18640 	 368.7730
18650 	 374.0960
18660 	 373.1361
18670 	 366.4426
18680 	 366.6620
18690 	 377.0075
18700 	 366.6752
18710 	 368.6332
18720 	 364.1096
18730 	 369.2412
18740 	 365.3832
18750 	 365.2251
18760 	 371.0322
18770 	 368.8364
18780 	 367.1319
18790 	 365.5919
18800 	 364.2187
18810 	 366.8232
18820 	 368.2325
18830 	 369.5465
18840 	 366.1512
18850 	 368.2190
18860 	 365.3233
18870 	 365.4090
18880 	 369.8586
18890 	 364.9022
18900 	 364.9897
18910 	 373.3854
18920 	 367.0243
18930 	 373.6337
18940 	 364.7331
18950 	 369.4578
18960 	 372.2467
18970 	 372.8435
18980 	 369.8276
18990 	 366.2753
19000 	 370.7560
19010 	 368.6846
19020 	 366.3212
19030 	 369.5351
19040 	 372.0929
19050 	 370.2239
19060 	 369.3394
19070 	 372.4292
19080 	 369.6837
19090 	 368.4696
19100 	 367.3976
19110 	 369.5878
19120 	 361.6749
19130 	 360.4737
19140 	 362.7926
19150 	 360.5248
19160 	 359.5593
19170 	 365.3851
19180 	 365.7018
19190 	 361.3638
19200 	 362.5358
19210 	 361.0524
19220 	 367.2732
19230 	 366.0079
19240 	 370.0643
19250 	 375.9578
19260 	 373.6858
19270 	 361.4489
19280 	 367.5321
19290 	 362.3252
19300 	 366.0866
19310 	 367.3503
19320 	 366.1717
19330 	 366.7794
19340 	 365.6351
19350 	 366.6691
19360 	 372.7933
19370 	 364.4587
19380 	 369.0629
19390 	 368.6779
19400 	 372.4044
19410 	 369.5073
19420 	 370.4558
19430 	 363.5186
19440 	 363.2272
19450 	 364.5863
19460 	 367.0208
19470 	 367.5555
19480 	 366.6004
19490 	 369.7011
19500 	 369.2665
19510 	 368.5227
19520 	 375.7487
19530 	 369.5365
19540 	 373.0180
19550 	 367.7698
19560 	 373.2852
19570 	 365.7031
19580 	 364.2991
19590 	 368.0949
19600 	 371.7977
19610 	 370.4778
19620 	 371.8648
19630 	 371.9547
19640 	 375.8774
19650 	 371.2290
19660 	 370.1798
19670 	 370.1247
19680 	 366.1723
19690 	 366.5520
19700 	 370.1383
19710 	 366.8871
19720 	 371.9752
19730 	 370.1807
19740 	 374.8503
19750 	 373.0002
19760 	 367.7398
19770 	 373.9423
19780 	 370.5878
19790 	 366.9732
19800 	 367.1435
19810 	 371.8814
19820 	 374.4851
19830 	 374.1209
19840 	 369.4575
19850 	 371.0274
19860 	 369.3676
19870 	 370.2281
19880 	 364.8139
19890 	 367.0329
19900 	 370.3988
19910 	 367.4080
19920 	 364.0299
19930 	 369.7174
19940 	 364.6994
19950 	 368.1554
19960 	 370.2653
19970 	 369.8406
19980 	 370.3587
19990 	 361.1387
20000 	 369.7243
20010 	 367.4215
20020 	 371.4944
20030 	 368.5401
20040 	 371.2225
20050 	 370.9587
20060 	 367.6434
20070 	 369.9542
20080 	 375.9305
20090 	 369.4649
20100 	 367.5246
20110 	 368.1867
20120 	 367.0484
20130 	 370.4714
20140 	 366.8469
20150 	 367.9131
20160 	 371.0913
20170 	 364.6279
20180 	 372.6598
20190 	 367.2730
20200 	 372.6607
20210 	 369.7408
20220 	 376.1510
20230 	 368.9864
20240 	 370.2356
20250 	 371.6496
20260 	 366.7708
20270 	 363.5706
20280 	 369.9883
20290 	 372.2925
20300 	 369.2355
20310 	 371.9766
20320 	 363.9081
20330 	 371.2296
20340 	 374.2444
20350 	 367.7326
20360 	 365.2092
20370 	 372.5264
20380 	 365.9048
20390 	 365.8183
20400 	 370.8067
20410 	 362.1583
20420 	 372.1461
20430 	 364.2520
20440 	 362.3652
20450 	 370.3114
20460 	 372.1239
20470 	 365.4949
20480 	 371.0973
20490 	 366.1995
20500 	 371.2577
20510 	 362.3255
20520 	 367.4080
20530 	 372.1732
20540 	 371.7172
20550 	 367.7988
20560 	 374.5763
20570 	 373.9922
20580 	 372.9866
20590 	 367.4186
20600 	 370.7332
20610 	 367.8436
20620 	 365.4713
20630 	 368.7937
20640 	 366.9138
20650 	 372.7039
20660 	 365.7096
20670 	 368.2936
20680 	 371.4455
20690 	 367.9909
20700 	 369.3639
20710 	 367.8454
20720 	 368.0473
20730 	 370.3931
20740 	 366.7998
20750 	 375.6566
20760 	 373.6006
20770 	 374.1964
20780 	 373.6946
20790 	 372.8710
20800 	 370.0851
20810 	 370.7450
20820 	 370.7674
20830 	 374.6832
20840 	 364.9197
20850 	 368.2346
20860 	 378.4707
20870 	 373.8933
20880 	 375.2674
20890 	 369.5181
20900 	 368.3893
20910 	 372.4246
20920 	 366.3832
20930 	 370.3433
20940 	 371.0956
20950 	 369.2771
20960 	 372.2243
20970 	 370.5169
20980 	 369.1174
20990 	 363.2565
21000 	 368.3682
21010 	 366.0761
21020 	 366.7724
21030 	 372.2644
21040 	 367.8388
21050 	 370.9082
21060 	 371.4897
21070 	 365.4237
21080 	 365.3896
21090 	 369.3331
21100 	 369.9087
21110 	 367.1401
21120 	 377.0209
21130 	 370.3074
21140 	 371.0084
21150 	 368.0290
21160 	 370.6877
21170 	 374.4241
21180 	 368.0336
21190 	 370.9690
21200 	 371.4463
21210 	 367.3248
21220 	 367.2905
21230 	 367.5368
21240 	 371.9067
21250 	 370.2360
21260 	 370.4504
21270 	 372.9165
21280 	 372.7839
21290 	 369.8467
21300 	 364.6373
21310 	 369.5320
21320 	 370.5263
21330 	 373.4122
21340 	 368.9588
21350 	 371.4882
21360 	 372.5604
21370 	 370.5057
21380 	 369.5968
21390 	 370.5280
21400 	 364.3229
21410 	 372.2742
21420 	 369.3605
21430 	 368.6443
21440 	 374.5694
21450 	 372.1998
21460 	 372.9570
21470 	 371.0772
21480 	 368.0817
21490 	 366.7493
21500 	 371.5762
21510 	 370.3007
21520 	 367.1267
21530 	 368.8535
21540 	 370.5806
21550 	 373.0104
21560 	 373.4244
21570 	 373.1952
21580 	 367.2586
21590 	 370.4751
21600 	 368.1043
21610 	 365.5863
21620 	 366.0112
21630 	 371.6164
21640 	 372.5636
21650 	 375.3330
21660 	 368.4292
21670 	 369.3674
21680 	 371.3153
21690 	 364.5434
21700 	 369.6624
21710 	 363.6443
21720 	 368.2352
21730 	 370.6865
21740 	 373.1647
21750 	 376.9129
21760 	 375.1238
21770 	 377.2655
21780 	 372.9441
21790 	 366.3834
21800 	 372.7004
21810 	 373.2833
21820 	 369.3296
21830 	 372.3819
21840 	 371.6291
21850 	 371.5080
21860 	 365.2918
21870 	 374.3622
21880 	 373.6084
21890 	 373.3474
21900 	 364.5332
21910 	 367.4281
21920 	 371.5664
21930 	 371.3676
21940 	 371.6535
21950 	 370.6930
21960 	 371.7162
21970 	 368.6974
21980 	 371.6062
21990 	 363.4818
22000 	 367.3713
22010 	 366.5722
22020 	 370.1100
22030 	 363.6392
22040 	 366.2260
22050 	 366.5253
22060 	 371.0974
22070 	 368.4138
22080 	 371.1402
22090 	 372.1176
22100 	 375.7295
22110 	 370.1755
22120 	 376.2606
22130 	 373.8713
22140 	 371.7372
22150 	 366.6200
22160 	 367.3159
22170 	 367.3645
22180 	 375.2402
22190 	 372.7832
22200 	 372.3098
22210 	 370.6851
22220 	 367.4304
22230 	 364.2071
22240 	 369.2057
22250 	 372.2844
22260 	 373.6443
22270 	 371.4225
22280 	 366.8445
22290 	 369.8664
22300 	 374.9192
22310 	 367.5283
22320 	 368.6274
22330 	 373.5026
22340 	 367.5338
22350 	 369.9618
22360 	 370.9500
22370 	 368.8099
22380 	 372.7217
22390 	 371.8016
22400 	 371.0008
22410 	 366.7771
22420 	 371.5510
22430 	 370.1917
22440 	 369.2133
22450 	 367.8766
22460 	 370.2664
22470 	 367.3668
22480 	 369.5708
22490 	 369.8455
22500 	 370.4616
22510 	 373.8039
22520 	 367.2332
22530 	 370.8169
22540 	 370.8967
22550 	 369.3396
22560 	 370.9929
22570 	 376.7450
22580 	 370.9100
22590 	 372.7319
22600 	 369.7265
22610 	 374.0502
22620 	 371.3100
22630 	 374.2157
22640 	 378.0157
22650 	 372.0028
22660 	 373.3243
22670 	 377.7960
22680 	 367.7017
22690 	 376.4245
22700 	 372.8241
22710 	 370.2859
22720 	 368.7170
22730 	 371.3187
22740 	 372.0965
22750 	 366.1086
22760 	 369.5692
22770 	 366.0318
22780 	 371.3678
22790 	 364.6106
22800 	 364.0815
22810 	 365.7466
22820 	 365.6158
22830 	 370.9606
22840 	 372.2005
22850 	 372.8155
22860 	 370.6113
22870 	 374.1251
22880 	 369.1770
22890 	 368.0733
22900 	 370.8395
22910 	 366.8472
22920 	 369.5040
22930 	 370.3023
22940 	 374.6979
22950 	 369.5813
22960 	 373.0356
22970 	 371.0599
22980 	 370.0241
22990 	 371.1320
23000 	 368.8364
23010 	 373.1487
23020 	 372.6312
23030 	 375.2470
23040 	 372.2996
23050 	 372.0267
23060 	 375.0168
23070 	 369.7651
23080 	 365.5216
23090 	 370.7390
23100 	 367.4786
23110 	 367.9031
23120 	 376.7705
23130 	 371.4479
23140 	 371.4031
23150 	 363.2570
23160 	 364.8882
23170 	 364.9438
23180 	 365.1460
23190 	 363.0519
23200 	 368.9933
23210 	 366.0070
23220 	 363.8353
23230 	 365.3759
23240 	 367.6944
23250 	 364.0640
23260 	 368.0754
23270 	 369.0909
23280 	 366.7899
23290 	 372.6848
23300 	 368.0049
23310 	 373.3946
23320 	 377.9821
23330 	 369.8434
23340 	 374.1447
23350 	 369.3184
23360 	 376.4957
23370 	 373.5842
23380 	 372.2237
23390 	 370.9994
23400 	 372.1342
23410 	 370.5672
23420 	 369.2177
23430 	 371.3399
23440 	 368.1777
23450 	 367.6917
23460 	 366.8762
23470 	 370.4437
23480 	 367.1394
23490 	 369.9969
23500 	 366.2985
23510 	 369.5510
23520 	 367.5880
23530 	 369.1706
23540 	 370.9932
23550 	 370.7531
23560 	 363.3470
23570 	 372.1648
23580 	 373.6160
23590 	 369.7215
23600 	 371.0467
23610 	 366.8402
23620 	 365.5902
23630 	 369.4905
23640 	 362.0428
23650 	 373.6355
23660 	 370.7367
23670 	 369.6423
23680 	 377.2641
23690 	 371.5571
23700 	 371.2332
23710 	 371.8766
23720 	 370.2294
23730 	 373.8934
23740 	 369.2696
23750 	 368.0941
23760 	 367.8552
23770 	 366.4408
23780 	 371.7451
23790 	 367.5730
23800 	 372.1877
23810 	 366.2276
23820 	 363.2167
23830 	 370.8264
23840 	 373.0151
23850 	 366.8325
23860 	 368.6084
23870 	 371.8476
23880 	 368.5594
23890 	 370.4025
23900 	 368.0347
23910 	 365.9023
23920 	 372.2961
23930 	 363.1952
23940 	 366.6518
23950 	 370.0034
23960 	 370.4465
23970 	 374.1396
23980 	 366.7722
23990 	 368.2442
24000 	 371.0359
24010 	 373.6496
24020 	 373.2687
24030 	 384.4703
24040 	 374.1668
24050 	 376.3921
24060 	 365.2889
24070 	 366.8499
24080 	 371.0880
24090 	 366.4252
24100 	 368.8751
24110 	 369.3590
24120 	 373.7684
24130 	 373.1695
24140 	 370.9546
24150 	 370.0154
24160 	 368.4822
24170 	 373.7606
24180 	 366.5065
24190 	 370.7978
24200 	 363.6115
24210 	 372.1120
24220 	 367.0250
24230 	 369.4505
24240 	 370.1177
24250 	 370.1815
24260 	 368.7448
24270 	 376.0957
24280 	 372.8498
24290 	 373.9330
24300 	 375.6490
24310 	 376.3573
24320 	 374.5286
24330 	 372.6164
24340 	 373.7407
24350 	 368.0750
24360 	 368.7539
24370 	 372.6176
24380 	 375.2707
24390 	 362.5762
24400 	 366.3508
24410 	 366.9068
24420 	 372.0048
24430 	 374.4436
24440 	 376.9971
24450 	 371.5403
24460 	 369.0956
24470 	 367.8753
24480 	 371.7788
24490 	 366.1424
24500 	 361.2881
24510 	 370.2347
24520 	 368.4331
24530 	 373.4157
24540 	 369.5406
24550 	 371.9696
24560 	 372.0666
24570 	 368.3048
24580 	 368.9706
24590 	 373.0151
24600 	 369.1812
24610 	 371.6370
24620 	 371.5560
24630 	 374.7994
24640 	 368.9688
24650 	 368.9912
24660 	 375.7709
24670 	 369.7813
24680 	 369.4974
24690 	 370.3262
24700 	 368.5482
24710 	 375.9468
24720 	 371.2553
24730 	 373.5864
24740 	 373.9867
24750 	 371.1581
24760 	 369.8160
24770 	 371.2071
24780 	 370.7035
24790 	 365.6993
24800 	 370.3703
24810 	 367.9010
24820 	 369.5959
24830 	 376.2777
24840 	 369.9371
24850 	 371.4063
24860 	 370.2774
24870 	 374.1488
24880 	 371.2297
24890 	 370.4068
24900 	 372.2109
24910 	 375.9478
24920 	 373.0316
24930 	 370.5179
24940 	 368.4433
24950 	 368.0089
24960 	 368.8913
24970 	 373.6044
24980 	 370.4475
24990 	 372.5824
25000 	 371.2975
25010 	 374.5166
25020 	 370.7399
25030 	 367.2949
25040 	 369.0479
25050 	 372.0083
25060 	 369.3989
25070 	 374.1602
25080 	 372.3280
25090 	 368.0670
25100 	 369.3049
25110 	 369.4839
25120 	 365.8670
25130 	 366.7834
25140 	 364.6106
25150 	 365.7537
25160 	 372.3434
25170 	 367.4945
25180 	 364.2268
25190 	 369.1985
25200 	 361.7271
25210 	 366.1735
25220 	 375.0471
25230 	 374.9949
25240 	 369.4134
25250 	 370.1319
25260 	 373.2099
25270 	 365.6766
25280 	 369.6216
25290 	 366.4631
25300 	 367.0687
25310 	 370.9647
25320 	 371.1187
25330 	 370.8924
25340 	 375.1188
25350 	 371.7464
25360 	 368.4700
25370 	 373.7231
25380 	 367.1453
25390 	 366.3509
25400 	 368.9617
25410 	 367.0868
25420 	 366.8611
25430 	 369.8980
25440 	 375.8476
25450 	 371.6674
25460 	 364.5988
25470 	 370.2702
25480 	 373.4932
25490 	 368.6745
25500 	 373.0955
25510 	 371.0401
25520 	 373.2835
25530 	 369.0278
25540 	 368.3829
25550 	 370.1469
25560 	 374.7043
25570 	 374.2402
25580 	 369.1514
25590 	 367.7820
25600 	 368.9778
25610 	 364.5536
25620 	 369.6897
25630 	 372.0777
25640 	 371.0529
25650 	 371.0576
25660 	 373.2247
25670 	 365.4235
25680 	 370.4871
25690 	 369.7315
25700 	 370.5254
25710 	 374.4030
25720 	 369.0433
25730 	 369.2534
25740 	 375.4118
25750 	 368.3565
25760 	 363.4261
25770 	 370.8979
25780 	 365.1145
25790 	 370.6178
25800 	 368.2984
25810 	 370.7113
25820 	 373.5051
25830 	 366.0184
25840 	 366.4917
25850 	 370.2079
25860 	 364.2631
25870 	 372.3453
25880 	 367.3895
25890 	 366.1233
25900 	 370.1424
25910 	 371.4457
25920 	 372.4572
25930 	 374.8678
25940 	 373.3836
25950 	 367.4198
25960 	 368.8555
25970 	 362.5908
25980 	 362.6335
25990 	 368.7459
26000 	 368.2779
26010 	 370.3074
26020 	 364.4920
26030 	 368.9321
26040 	 366.8870
26050 	 368.4972
26060 	 370.0770
26070 	 372.9870
26080 	 371.4460
26090 	 367.1027
26100 	 368.9209
26110 	 366.6890
26120 	 370.6759
26130 	 372.3460
26140 	 370.2085
26150 	 371.9319
26160 	 363.6126
26170 	 367.3870
26180 	 370.5530
26190 	 373.6474
26200 	 369.5748
26210 	 369.2539
26220 	 371.6623
26230 	 369.2642
26240 	 370.1578
26250 	 366.2500
26260 	 369.8952
26270 	 365.0353
26280 	 370.9828
26290 	 367.9256
26300 	 368.4734
26310 	 367.8813
26320 	 373.5563
26330 	 370.0480
26340 	 374.2911
26350 	 366.4128
26360 	 366.2835
26370 	 371.1683
26380 	 373.5510
26390 	 373.2428
26400 	 373.4697
26410 	 367.5173
26420 	 377.2137
26430 	 372.6003
26440 	 369.1670
26450 	 366.4137
26460 	 372.4820
26470 	 373.6201
26480 	 372.3549
26490 	 373.2401
26500 	 375.4488
26510 	 375.7914
26520 	 370.6714
26530 	 377.3770
26540 	 367.4033
26550 	 368.7097
26560 	 367.7364
26570 	 367.6006
26580 	 366.3648
26590 	 367.2108
26600 	 374.5749
26610 	 375.0937
26620 	 372.1878
26630 	 370.3949
26640 	 372.0594
26650 	 372.9949
26660 	 370.2292
26670 	 371.1269
26680 	 363.1109
26690 	 369.5027
26700 	 369.5494
26710 	 375.1735
26720 	 372.5863
26730 	 368.3059
26740 	 371.6594
26750 	 371.2886
26760 	 369.4142
26770 	 367.9361
26780 	 373.0672
26790 	 370.3664
26800 	 368.5869
26810 	 373.2754
26820 	 370.1910
26830 	 373.8961
26840 	 370.4799
26850 	 371.5078
26860 	 369.1128
26870 	 365.0328
26880 	 365.2295
26890 	 370.2439
26900 	 366.7570
26910 	 371.6292
26920 	 370.8638
26930 	 369.7318
26940 	 365.4791
26950 	 368.3241
26960 	 368.1457
26970 	 367.1255
26980 	 369.5528
26990 	 364.9634
27000 	 373.1136
27010 	 369.2911
27020 	 371.1938
27030 	 374.3812
27040 	 373.0550
27050 	 372.7415
27060 	 373.3849
27070 	 368.0016
27080 	 367.2964
27090 	 370.3854
27100 	 373.2500
27110 	 374.4745
27120 	 371.3638
27130 	 367.7170
27140 	 372.3485
27150 	 373.0073
27160 	 367.3090
27170 	 364.0563
27180 	 374.5257
27190 	 372.2786
27200 	 370.8577
27210 	 363.4894
27220 	 371.4919
27230 	 364.8803
27240 	 372.7734
27250 	 375.5889
27260 	 367.7959
27270 	 372.0970
27280 	 373.0202
27290 	 368.3926
27300 	 366.7085
27310 	 370.2975
27320 	 371.4744
27330 	 368.3136
27340 	 374.0948
27350 	 371.6215
27360 	 369.0069
27370 	 375.0600
27380 	 372.8221
27390 	 368.2281
27400 	 375.8802
27410 	 374.7806
27420 	 367.9867
27430 	 367.1551
27440 	 367.2902
27450 	 372.1864
27460 	 364.6461
27470 	 366.7265
27480 	 375.9998
27490 	 369.8213
27500 	 370.3379
27510 	 372.6253
27520 	 372.6420
27530 	 368.4850
27540 	 366.6674
27550 	 371.0537
27560 	 367.4956
27570 	 367.0431
27580 	 369.1880
27590 	 367.3546
27600 	 370.9680
27610 	 371.8812
27620 	 371.6134
27630 	 373.0272
27640 	 365.9924
27650 	 370.2486
27660 	 371.6086
27670 	 368.8171
27680 	 367.9887
27690 	 369.5502
27700 	 373.7905
27710 	 370.8138
27720 	 369.6184
27730 	 367.7707
27740 	 368.3122
27750 	 372.0866
27760 	 373.9761
27770 	 373.0892
27780 	 367.1472
27790 	 370.2864
27800 	 371.6761
27810 	 376.4143
27820 	 368.3959
27830 	 366.7754
27840 	 370.0520
27850 	 369.2358
27860 	 374.7240
27870 	 369.2900
27880 	 374.9051
27890 	 372.2587
27900 	 374.6145
27910 	 367.1263
27920 	 370.8523
27930 	 373.5858
27940 	 370.5243
27950 	 365.0921
27960 	 369.7254
27970 	 367.8753
27980 	 365.0492
27990 	 368.0971
28000 	 371.0855
28010 	 372.1419
28020 	 374.1624
28030 	 373.5959
28040 	 366.2049
28050 	 365.7512
28060 	 368.9390
28070 	 364.9806
28080 	 369.3063
28090 	 374.6459
28100 	 367.5154
28110 	 376.0863
28120 	 368.8680
28130 	 367.0335
28140 	 370.7355
28150 	 372.3292
28160 	 366.5043
28170 	 371.5866
28180 	 373.2303
28190 	 374.3602
28200 	 371.7962
28210 	 377.9856
28220 	 370.9265
28230 	 369.4528
28240 	 372.6278
28250 	 364.6595
28260 	 377.4420
28270 	 364.2588
28280 	 373.1926
28290 	 368.0644
28300 	 365.6642
28310 	 370.4745
28320 	 373.5937
28330 	 374.0410
28340 	 371.3359
28350 	 370.3049
28360 	 364.7801
28370 	 368.5375
28380 	 367.9254
28390 	 372.9514
28400 	 373.7779
28410 	 370.5150
28420 	 369.7248
28430 	 375.2687
28440 	 375.3616
28450 	 368.4735
28460 	 376.4887
28470 	 366.9995
28480 	 368.1786
28490 	 371.4167
28500 	 373.8623
28510 	 373.5082
28520 	 370.4092
28530 	 372.6052
28540 	 372.2470
28550 	 374.9109
28560 	 376.6485
28570 	 367.2749
28580 	 372.5494
28590 	 371.4830
28600 	 370.3278
28610 	 373.4448
28620 	 373.2993
28630 	 367.0639
28640 	 370.3655
28650 	 374.7879
28660 	 374.8459
28670 	 371.0796
28680 	 370.0517
28690 	 373.7045
28700 	 371.6109
28710 	 370.6672
28720 	 367.2711
28730 	 371.9850
28740 	 374.1828
28750 	 374.9841
28760 	 372.9954
28770 	 374.3303
28780 	 369.5666
28790 	 369.1801
28800 	 369.9282
28810 	 369.3205
28820 	 369.5071
28830 	 369.4441
28840 	 366.7472
28850 	 368.1326
28860 	 364.6897
28870 	 373.9925
28880 	 366.6458
28890 	 371.3855
28900 	 368.5303
28910 	 361.7274
28920 	 370.5643
28930 	 363.6205
28940 	 371.6671
28950 	 369.6852
28960 	 370.7450
28970 	 370.4182
28980 	 374.9474
28990 	 371.9629
29000 	 372.3821
29010 	 363.9248
29020 	 370.1159
29030 	 368.1428
29040 	 369.1500
29050 	 365.3699
29060 	 369.3816
29070 	 366.2019
29080 	 368.3681
29090 	 375.4731
29100 	 374.9461
29110 	 365.7848
29120 	 370.7585
29130 	 364.4672
29140 	 366.2029
29150 	 365.3997
29160 	 360.4360
29170 	 367.0645
29180 	 366.1355
29190 	 368.9673
29200 	 370.8470
29210 	 373.1984
29220 	 377.3117
29230 	 365.7234
29240 	 371.2989
29250 	 371.8246
29260 	 370.9126
29270 	 371.5918
29280 	 370.1461
29290 	 366.8981
29300 	 374.9947
29310 	 376.6292
29320 	 368.9944
29330 	 368.1570
29340 	 370.3579
29350 	 368.4615
29360 	 372.6354
29370 	 362.8249
29380 	 375.4743
29390 	 369.0314
29400 	 369.4506
29410 	 370.0442
29420 	 372.3235
29430 	 368.9569
29440 	 369.1151
29450 	 375.7387
29460 	 375.2920
29470 	 372.3969
29480 	 372.7121
29490 	 369.5068
29500 	 370.6547
29510 	 374.9517
29520 	 371.5767
29530 	 376.9941
29540 	 365.8163
29550 	 371.4714
29560 	 372.8482
29570 	 372.1984
29580 	 368.9657
29590 	 371.8739
29600 	 365.3073
29610 	 368.6391
29620 	 370.3489
29630 	 364.8526
29640 	 370.3646
29650 	 368.2037
29660 	 361.7270
29670 	 367.6690
29680 	 371.1645
29690 	 369.7589
29700 	 370.1993
29710 	 364.0852
29720 	 372.8501
29730 	 373.1466
29740 	 366.0006
29750 	 368.1521
29760 	 372.1546
29770 	 365.7074
29780 	 363.3924
29790 	 364.7030
29800 	 364.1601
29810 	 362.3498
29820 	 361.8116
29830 	 362.9095
29840 	 365.6154
29850 	 368.9744
29860 	 369.3730
29870 	 369.2601
29880 	 364.2031
29890 	 369.4149
29900 	 368.4653
29910 	 369.0205
29920 	 367.1840
29930 	 368.6276
29940 	 368.1068
29950 	 373.1477
29960 	 371.9332
29970 	 365.0310
29980 	 368.2684
29990 	 366.4960
30000 	 363.9624
30010 	 366.3238
30020 	 366.5524
30030 	 369.6706
30040 	 366.9297
30050 	 363.5791
30060 	 363.7196
30070 	 367.8463
30080 	 364.8546
30090 	 366.3960
30100 	 366.0720
30110 	 368.7921
30120 	 366.6641
30130 	 370.0580
30140 	 371.0523
30150 	 375.1204
30160 	 368.6087
30170 	 370.4622
30180 	 365.4510
30190 	 372.8286
30200 	 368.4440
30210 	 370.8257
30220 	 366.6401
30230 	 371.6097
30240 	 367.5110
30250 	 369.8066
30260 	 366.1890
30270 	 366.9370
30280 	 372.0004
30290 	 366.7426
30300 	 369.1324
30310 	 366.6260
30320 	 364.1459
30330 	 367.9400
30340 	 369.5372
30350 	 370.5625
30360 	 373.8852
30370 	 369.7990
30380 	 368.5014
30390 	 371.4559
30400 	 372.8582
30410 	 370.8757
30420 	 376.2376
30430 	 368.3086
30440 	 369.4765
30450 	 367.3110
30460 	 371.8991
30470 	 368.2279
30480 	 372.0527
30490 	 372.7935
30500 	 369.7089
30510 	 374.2833
30520 	 368.6889
30530 	 368.3453
30540 	 369.3644
30550 	 371.8994
30560 	 376.1754
30570 	 365.6166
30580 	 375.3889
30590 	 373.6670
30600 	 367.8905
30610 	 368.2870
30620 	 368.6085
30630 	 371.2409
30640 	 367.2389
30650 	 370.0564
30660 	 364.8808
30670 	 367.7792
30680 	 360.4684
30690 	 368.8538
30700 	 373.5906
30710 	 373.2761
30720 	 370.5184
30730 	 375.0054
30740 	 370.6158
30750 	 371.2484
30760 	 367.9315
30770 	 370.7061
30780 	 369.1944
30790 	 370.4043
30800 	 367.7827
30810 	 369.5518
30820 	 370.4063
30830 	 372.5588
30840 	 371.4737
30850 	 371.8679
30860 	 375.4625
30870 	 368.5050
30880 	 369.1648
30890 	 368.9710
30900 	 368.3048
30910 	 365.1732
30920 	 374.7536
30930 	 375.0096
30940 	 371.1889
30950 	 368.4890
30960 	 377.2748
30970 	 370.1803
30980 	 369.2636
30990 	 379.1211
31000 	 372.2769
31010 	 373.5802
31020 	 370.4931
31030 	 370.9219
31040 	 365.9225
31050 	 369.7346
31060 	 369.8872
31070 	 365.0806
31080 	 366.3957
31090 	 375.2522
31100 	 371.0248
31110 	 370.9497
31120 	 373.8106
31130 	 371.9121
31140 	 369.1688
31150 	 370.9825
31160 	 374.7695
31170 	 364.4655
31180 	 377.2689
31190 	 370.4018
31200 	 363.6755
31210 	 367.5103
31220 	 368.2287
31230 	 375.4766
31240 	 372.8447
31250 	 370.7950
31260 	 375.3885
31270 	 371.2127
31280 	 375.1246
31290 	 373.5772
31300 	 369.6779
31310 	 374.2643
31320 	 372.9262
31330 	 371.2068
31340 	 372.0002
31350 	 376.0988
31360 	 376.2967
31370 	 372.9478
31380 	 374.5076
31390 	 367.8324
31400 	 371.2509
31410 	 374.3701
31420 	 373.0969
31430 	 370.2990
31440 	 374.7107
31450 	 374.1806
31460 	 373.2196
31470 	 371.7034
31480 	 375.6033
31490 	 372.1573
31500 	 373.6049
31510 	 372.3298
31520 	 372.9764
31530 	 372.9883
31540 	 369.7789
31550 	 368.0336
31560 	 365.8498
31570 	 370.7004
31580 	 371.2434
31590 	 376.3561
31600 	 369.3201
31610 	 372.6492
31620 	 376.4372
31630 	 371.2836
31640 	 381.7411
31650 	 372.0112
31660 	 374.0255
31670 	 372.8052
31680 	 368.8999
31690 	 370.1249
31700 	 373.7963
31710 	 373.8116
31720 	 370.0188
31730 	 376.1681
31740 	 373.5259
31750 	 371.9158
31760 	 367.5896
31770 	 369.7127
31780 	 368.4961
31790 	 370.5160
31800 	 366.7009
31810 	 370.5289
31820 	 371.2553
31830 	 371.3618
31840 	 373.5152
31850 	 373.6423
31860 	 368.4685
31870 	 369.8382
31880 	 370.3500
31890 	 369.6564
31900 	 371.7156
31910 	 368.7529
31920 	 364.2627
31930 	 369.6433
31940 	 368.8892
31950 	 376.5278
31960 	 369.4650
31970 	 368.2364
31980 	 367.1041
31990 	 375.9291
32000 	 365.4580
32010 	 365.8114
32020 	 367.4224
32030 	 368.6460
32040 	 366.1866
32050 	 364.3273
32060 	 367.1690
32070 	 373.1005
32080 	 367.4592
32090 	 369.7871
32100 	 363.8352
32110 	 368.1348
32120 	 366.3480
32130 	 371.5207
32140 	 372.7003
32150 	 376.4940
32160 	 366.5353
32170 	 370.0278
32180 	 370.1526
32190 	 368.9045
32200 	 370.9154
32210 	 367.7388
32220 	 367.2966
32230 	 367.9703
32240 	 365.2838
32250 	 371.0825
32260 	 373.0183
32270 	 372.1322
32280 	 369.2705
32290 	 372.7174
32300 	 368.8115
32310 	 363.6812
32320 	 368.4170
32330 	 368.3856
32340 	 365.5301
32350 	 365.7661
32360 	 368.9842
32370 	 366.4590
32380 	 367.3852
32390 	 373.9853
32400 	 366.5769
32410 	 376.4662
32420 	 371.5786
32430 	 367.9788
32440 	 371.7193
32450 	 369.8317
32460 	 371.4217
32470 	 372.1358
32480 	 367.4284
32490 	 364.7701
32500 	 366.3894
32510 	 368.0954
32520 	 369.1903
32530 	 369.7148
32540 	 370.3029
32550 	 368.6721
32560 	 374.2478
32570 	 372.1626
32580 	 371.3454
32590 	 371.0596
32600 	 371.2882
32610 	 376.3050
32620 	 372.8629
32630 	 371.9787
32640 	 375.2328
32650 	 372.8933
32660 	 363.7604
32670 	 371.9318
32680 	 366.9650
32690 	 363.3971
32700 	 366.1193
32710 	 372.0161
32720 	 370.8031
32730 	 375.5170
32740 	 376.1030
32750 	 377.5401
32760 	 374.7417
32770 	 371.4599
32780 	 368.6820
32790 	 366.8625
32800 	 368.5780
32810 	 371.0299
32820 	 371.5419
32830 	 372.2736
32840 	 367.7746
32850 	 372.6580
32860 	 370.5226
32870 	 368.9215
32880 	 378.9222
32890 	 371.3558
32900 	 373.3169
32910 	 366.3232
32920 	 377.8202
32930 	 374.9086
32940 	 371.5119
32950 	 372.3388
32960 	 375.3140
32970 	 369.6953
32980 	 374.0811
32990 	 370.0742
33000 	 375.0356
33010 	 371.4436
33020 	 369.2534
33030 	 370.2495
33040 	 368.1867
33050 	 367.7776
33060 	 374.3332
33070 	 376.7254
33080 	 375.9554
33090 	 373.6718
33100 	 367.5151
33110 	 377.2399
33120 	 374.8994
33130 	 369.6435
33140 	 371.4297
33150 	 372.3006
33160 	 366.9887
33170 	 370.7172
33180 	 376.4537
33190 	 370.9192
33200 	 371.3020
33210 	 375.5782
33220 	 363.7861
33230 	 372.2174
33240 	 362.0583
33250 	 369.1875
33260 	 369.6197
33270 	 363.4116
33280 	 371.9135
33290 	 376.5406
33300 	 369.1041
33310 	 367.5718
33320 	 371.4644
33330 	 365.3026
33340 	 366.7032
33350 	 367.8910
33360 	 372.3435
33370 	 362.8101
33380 	 375.5044
33390 	 368.0445
33400 	 371.0465
33410 	 373.3697
33420 	 367.5527
33430 	 365.2757
33440 	 368.7982
33450 	 373.3900
33460 	 370.2689
33470 	 372.2229
33480 	 369.0712
33490 	 371.0498
33500 	 369.9545
33510 	 371.7857
33520 	 371.0158
33530 	 372.9078
33540 	 372.9195
33550 	 376.2365
33560 	 375.1544
33570 	 366.0881
33580 	 369.1867
33590 	 372.5837
33600 	 374.7920
33610 	 374.5467
33620 	 370.4683
33630 	 372.8172
33640 	 371.9480
33650 	 375.8948
33660 	 372.0807
33670 	 370.3037
33680 	 368.5424
33690 	 368.0124
33700 	 363.7426
33710 	 368.6750
33720 	 364.2674
33730 	 370.0045
33740 	 366.2728
33750 	 367.1048
33760 	 367.1408
33770 	 364.1807
33780 	 364.4677
33790 	 365.9468
33800 	 367.6430
33810 	 371.9394
33820 	 375.1679
33830 	 372.0016
33840 	 364.1655
33850 	 372.2457
33860 	 368.8324
33870 	 370.4184
33880 	 373.7343
33890 	 374.7765
33900 	 374.2412
33910 	 376.2912
33920 	 375.2511
33930 	 370.6494
33940 	 374.3950
33950 	 374.1755
33960 	 375.9182
33970 	 367.1474
33980 	 361.5463
33990 	 367.4027
34000 	 367.2006
34010 	 370.8020
34020 	 372.4237
34030 	 369.2391
34040 	 380.0690
34050 	 377.0411
34060 	 373.4485
34070 	 372.5117
34080 	 372.5742
34090 	 371.4407
34100 	 368.0122
34110 	 367.2035
34120 	 371.4117
34130 	 372.3897
34140 	 374.8812
34150 	 368.7128
34160 	 368.0844
34170 	 370.2431
34180 	 367.5589
34190 	 364.5402
34200 	 369.1313
34210 	 365.9826
34220 	 365.2333
34230 	 364.9463
34240 	 370.9698
34250 	 368.7483
34260 	 368.8171
34270 	 366.0664
34280 	 368.8248
34290 	 368.4529
34300 	 374.5968
34310 	 372.7744
34320 	 369.0407
34330 	 364.6150
34340 	 368.1431
34350 	 369.9543
34360 	 370.9573
34370 	 369.2572
34380 	 374.8265
34390 	 371.0968
34400 	 369.0308
34410 	 370.2366
34420 	 369.8424
34430 	 370.5829
34440 	 367.6461
34450 	 370.7490
34460 	 367.4258
34470 	 366.1032
34480 	 372.2699
34490 	 372.3935
34500 	 367.0192
34510 	 369.4672
34520 	 372.8075
34530 	 373.0391
34540 	 370.9227
34550 	 376.5498
34560 	 375.6694
34570 	 373.7083
34580 	 368.7281
34590 	 370.1113
34600 	 367.1959
34610 	 371.7058
34620 	 375.0561
34630 	 374.6695
34640 	 371.2825
34650 	 364.4504
34660 	 367.5883
34670 	 369.7559
34680 	 376.6378
34690 	 369.5479
34700 	 370.6696
34710 	 369.1634
34720 	 367.4787
34730 	 370.3607
34740 	 370.8011
34750 	 367.2480
34760 	 369.5487
34770 	 368.7810
34780 	 370.1058
34790 	 368.8730
34800 	 373.1682
34810 	 372.9761
34820 	 373.3489
34830 	 368.6166
34840 	 374.2417
34850 	 368.5370
34860 	 366.6000
34870 	 361.9392
34880 	 365.9864
34890 	 364.5881
34900 	 370.6339
34910 	 370.2490
34920 	 364.2588
34930 	 369.1558
34940 	 371.7148
34950 	 362.8886
34960 	 368.2723
34970 	 366.6991
34980 	 369.1575
34990 	 367.9044
35000 	 362.7924
35010 	 365.6518
35020 	 364.5994
35030 	 368.4838
35040 	 365.2989
35050 	 368.6437
35060 	 376.9042
35070 	 372.5691
35080 	 370.2517
35090 	 369.9659
35100 	 369.4075
35110 	 369.7874
35120 	 367.0082
35130 	 371.3450
35140 	 375.7731
35150 	 384.2671
35160 	 371.9806
35170 	 374.5457
35180 	 367.3659
35190 	 374.5027
35200 	 361.2923
35210 	 368.0138
35220 	 371.5498
35230 	 371.8159
35240 	 367.9860
35250 	 374.4535
35260 	 373.6400
35270 	 376.9775
35280 	 372.4968
35290 	 371.6163
35300 	 370.8270
35310 	 373.1680
35320 	 370.6856
35330 	 366.7782
35340 	 372.3973
35350 	 369.9423
35360 	 368.9027
35370 	 366.8648
35380 	 366.3704
35390 	 366.7234
35400 	 364.3719
35410 	 377.0262
35420 	 366.6702
35430 	 363.0531
35440 	 373.3497
35450 	 370.6494
35460 	 373.0407
35470 	 374.3198
35480 	 373.0183
35490 	 371.1843
35500 	 368.9154
35510 	 373.6195
35520 	 361.1237
35530 	 367.2873
35540 	 371.0290
35550 	 371.9758
35560 	 373.4813
35570 	 372.5472
35580 	 376.5924
35590 	 373.3736
35600 	 373.6520
35610 	 371.5734
35620 	 371.1516
35630 	 372.2599
35640 	 374.3376
35650 	 367.8685
35660 	 370.0926
35670 	 366.5684
35680 	 368.0571
35690 	 368.0563
35700 	 370.7048
35710 	 372.1041
35720 	 368.7884
35730 	 377.4764
35740 	 371.4242
35750 	 372.0943
35760 	 366.4170
35770 	 374.2821
35780 	 374.8100
35790 	 372.5181
35800 	 375.0611
35810 	 370.4540
35820 	 371.5564
35830 	 369.2117
35840 	 368.2775
35850 	 370.7238
35860 	 372.6929
35870 	 369.1964
35880 	 367.3287
35890 	 369.4798
35900 	 370.8306
35910 	 367.8128
35920 	 365.8777
35930 	 369.3085
35940 	 371.7150
35950 	 363.2615
35960 	 370.7564
35970 	 372.6320
35980 	 368.9628
35990 	 371.6641
36000 	 375.1604
36010 	 370.7579
36020 	 371.0816
36030 	 375.2853
36040 	 371.1636
36050 	 374.6906
36060 	 367.7666
36070 	 373.1894
36080 	 370.8970
36090 	 366.8414
36100 	 371.2481
36110 	 361.4069
36120 	 366.6193
36130 	 363.0988
36140 	 363.4855
36150 	 364.4168
36160 	 366.5528
36170 	 373.3547
36180 	 369.9961
36190 	 367.0242
36200 	 374.0143
36210 	 371.9076
36220 	 369.7354
36230 	 373.4962
36240 	 367.6734
36250 	 366.6262
36260 	 366.5427
36270 	 369.5854
36280 	 366.8582
36290 	 372.3355
36300 	 367.1649
36310 	 368.5100
36320 	 373.8517
36330 	 370.2547
36340 	 376.7144
36350 	 375.7997
36360 	 370.3935
36370 	 368.4167
36380 	 370.8668
36390 	 369.0426
36400 	 370.0109
36410 	 373.5005
36420 	 369.7593
36430 	 366.1105
36440 	 370.2679
36450 	 374.2016
36460 	 365.6525
36470 	 372.7725
36480 	 371.9421
36490 	 363.9880
36500 	 370.1936
36510 	 364.3359
36520 	 375.4797
36530 	 366.1934
36540 	 368.4235
36550 	 373.7363
36560 	 373.4242
36570 	 368.8045
36580 	 369.4301
36590 	 374.1504
36600 	 369.7957
36610 	 373.1324
36620 	 372.5027
36630 	 370.6841
36640 	 367.9338
36650 	 366.5887
36660 	 370.4163
36670 	 372.2421
36680 	 375.7735
36690 	 374.4787
36700 	 368.3432
36710 	 367.4713
36720 	 368.2718
36730 	 369.9495
36740 	 367.6060
36750 	 369.4485
36760 	 367.3382
36770 	 374.6715
36780 	 370.9300
36790 	 372.2320
36800 	 373.5843
36810 	 371.9778
36820 	 374.7038
36830 	 375.4900
36840 	 375.2976
36850 	 377.6101
36860 	 371.7757
36870 	 369.4597
36880 	 376.4332
36890 	 375.4666
36900 	 374.0143
36910 	 371.5523
36920 	 376.6800
36930 	 378.2502
36940 	 369.1793
36950 	 375.6346
36960 	 372.4492
36970 	 369.5624
36980 	 372.4681
36990 	 369.3195
37000 	 371.0851
37010 	 371.0247
37020 	 363.6166
37030 	 367.3844
37040 	 368.2237
37050 	 370.8213
37060 	 363.7717
37070 	 371.5228
37080 	 366.1904
37090 	 373.3718
37100 	 373.7408
37110 	 375.2840
37120 	 367.0668
37130 	 375.3283
37140 	 369.2930
37150 	 368.8208
37160 	 368.8758
37170 	 366.1930
37180 	 366.6925
37190 	 363.4226
37200 	 368.2868
37210 	 362.4171
37220 	 360.9523
37230 	 365.0269
37240 	 369.5133
37250 	 373.3699
37260 	 369.6162
37270 	 368.9608
37280 	 373.3841
37290 	 365.6402
37300 	 372.4742
37310 	 367.2425
37320 	 371.8261
37330 	 363.8028
37340 	 366.8483
37350 	 369.8487
37360 	 359.4104
37370 	 365.7110
37380 	 369.2653
37390 	 364.5578
37400 	 368.8116
37410 	 363.3983
37420 	 367.5388
37430 	 367.7719
37440 	 371.4983
37450 	 372.9148
37460 	 372.1435
37470 	 371.0874
37480 	 375.7289
37490 	 369.1672
37500 	 367.2239
37510 	 365.9852
37520 	 372.9692
37530 	 367.5486
37540 	 368.8760
37550 	 370.4450
37560 	 366.6134
37570 	 372.2053
37580 	 373.8754
37590 	 375.1202
37600 	 372.9409
37610 	 369.3918
37620 	 373.8679
37630 	 363.5644
37640 	 369.4116
37650 	 371.2916
37660 	 374.3871
37670 	 371.9516
37680 	 367.3798
37690 	 373.8269
37700 	 373.8596
37710 	 375.3984
37720 	 377.9314
37730 	 379.1839
37740 	 373.1691
37750 	 373.7664
37760 	 374.7828
37770 	 372.2189
37780 	 371.5352
37790 	 366.0159
37800 	 361.5175
37810 	 370.5735
37820 	 366.8976
37830 	 369.1478
37840 	 364.1006
37850 	 370.8081
37860 	 362.8085
37870 	 368.6896
37880 	 372.7568
37890 	 367.7539
37900 	 371.9428
37910 	 371.4632
37920 	 368.0838
37930 	 372.6576
37940 	 372.0944
37950 	 373.3121
37960 	 370.9953
37970 	 377.4173
37980 	 374.8123
37990 	 375.6291
38000 	 378.4054
38010 	 370.8331
38020 	 366.7932
38030 	 367.1762
38040 	 366.0978
38050 	 371.5348
38060 	 375.7599
38070 	 372.1997
38080 	 376.4895
38090 	 374.7775
38100 	 370.0007
38110 	 371.4571
38120 	 370.7615
38130 	 370.7704
38140 	 372.1982
38150 	 365.2381
38160 	 367.7555
38170 	 365.2223
38180 	 368.2785
38190 	 373.3466
38200 	 367.6095
38210 	 369.1117
38220 	 369.6075
38230 	 370.5808
38240 	 361.7665
38250 	 363.8890
38260 	 368.2738
38270 	 365.5442
38280 	 371.2069
38290 	 366.8051
38300 	 368.4973
38310 	 369.6530
38320 	 370.6675
38330 	 365.6338
38340 	 372.2517
38350 	 363.2917
38360 	 369.1830
38370 	 374.3541
38380 	 371.0543
38390 	 377.3139
38400 	 369.4036
38410 	 371.7552
38420 	 372.0953
38430 	 371.1406
38440 	 373.9026
38450 	 372.5886
38460 	 372.2865
38470 	 369.7332
38480 	 373.2505
38490 	 371.9249
38500 	 378.0075
38510 	 373.7116
38520 	 369.5056
38530 	 373.5135
38540 	 376.9637
38550 	 370.4881
38560 	 374.5948
38570 	 372.8045
38580 	 371.9569
38590 	 374.5950
38600 	 371.8882
38610 	 366.5659
38620 	 371.5719
38630 	 371.2148
38640 	 373.8243
38650 	 374.0854
38660 	 365.3552
38670 	 364.2291
38680 	 368.9360
38690 	 370.9043
38700 	 371.6809
38710 	 368.4260
38720 	 366.0176
38730 	 369.9928
38740 	 367.6917
38750 	 364.5526
38760 	 368.3442
38770 	 365.2117
38780 	 368.8992
38790 	 371.6980
38800 	 362.9621
38810 	 369.7084
38820 	 374.4865
38830 	 372.2028
38840 	 377.0764
38850 	 371.2116
38860 	 369.6662
38870 	 368.2803
38880 	 368.7951
38890 	 375.3929
38900 	 368.4804
38910 	 370.3543
38920 	 373.8608
38930 	 371.0613
38940 	 366.3843
38950 	 372.6798
38960 	 373.2872
38970 	 367.2428
38980 	 362.9776
38990 	 368.4205
39000 	 364.8013
39010 	 366.1912
39020 	 369.8111
39030 	 367.7799
39040 	 364.7066
39050 	 366.9222
39060 	 371.2460
39070 	 370.1032
39080 	 368.7753
39090 	 372.9544
39100 	 366.3324
39110 	 370.4107
39120 	 365.3566
39130 	 370.9690
39140 	 366.6527
39150 	 369.9014
39160 	 367.5380
39170 	 370.2470
39180 	 367.9897
39190 	 370.1867
39200 	 367.3156
39210 	 372.0719
39220 	 370.3825
39230 	 371.9965
39240 	 371.3321
39250 	 371.1218
39260 	 368.2808
39270 	 369.0326
39280 	 368.6279
39290 	 367.6309
39300 	 366.0471
39310 	 374.6819
39320 	 372.8581
39330 	 372.1306
39340 	 377.0815
39350 	 371.5905
39360 	 372.6404
39370 	 369.0445
39380 	 369.7313
39390 	 361.3304
39400 	 372.2839
39410 	 370.8491
39420 	 369.4957
39430 	 373.6199
39440 	 366.5243
39450 	 367.0777
39460 	 365.4747
39470 	 366.0236
39480 	 363.0372
39490 	 368.8901
39500 	 365.9563
39510 	 373.3439
39520 	 372.5491
39530 	 368.0200
39540 	 372.7297
39550 	 368.4305
39560 	 369.6260
39570 	 365.0978
39580 	 373.0306
39590 	 363.9518
39600 	 371.0499
39610 	 367.2102
39620 	 364.6118
39630 	 357.2484
39640 	 369.9314
39650 	 370.4483
39660 	 367.0936
39670 	 363.6361
39680 	 372.2128
39690 	 370.9990
39700 	 370.3128
39710 	 370.7521
39720 	 369.4064
39730 	 377.1904
39740 	 366.6292
39750 	 367.8643
39760 	 366.4838
39770 	 361.5261
39780 	 362.4481
39790 	 367.9074
39800 	 367.4222
39810 	 362.2770
39820 	 372.3660
39830 	 369.6185
39840 	 364.2115
39850 	 365.4118
39860 	 365.5275
39870 	 369.2678
39880 	 364.0733
39890 	 368.7584
39900 	 369.0262
39910 	 367.1830
39920 	 369.8305
39930 	 365.5423
39940 	 368.7682
39950 	 372.3114
39960 	 367.8946
39970 	 374.2277
39980 	 367.8831
39990 	 364.4397
40000 	 373.5958
40010 	 365.1315
40020 	 368.0027
40030 	 369.9995
40040 	 371.0660
40050 	 367.8227
40060 	 368.0184
40070 	 368.4492
40080 	 367.5036
40090 	 372.3255
40100 	 365.4501
40110 	 372.5604
40120 	 370.0204
40130 	 371.6155
40140 	 367.7735
40150 	 365.9749
40160 	 370.7479
40170 	 366.5372
40180 	 368.4396
40190 	 358.9675
40200 	 369.6061
40210 	 362.2878
40220 	 370.1904
40230 	 367.4565
40240 	 366.9735
40250 	 369.8926
40260 	 365.3401
40270 	 371.1142
40280 	 368.2180
40290 	 365.9653
40300 	 368.0472
40310 	 371.0767
40320 	 368.5933
40330 	 371.5965
40340 	 364.4781
40350 	 366.6019
40360 	 369.2299
40370 	 369.9037
40380 	 374.1022
40390 	 369.4552
40400 	 372.3185
40410 	 369.7329
40420 	 367.6343
40430 	 368.5023
40440 	 365.4262
40450 	 365.5654
40460 	 362.2694
40470 	 364.4679
40480 	 365.2923
40490 	 364.5363
40500 	 369.0539
40510 	 367.9037
40520 	 366.4222
40530 	 370.0133
40540 	 374.3124
40550 	 372.5940
40560 	 370.2303
40570 	 368.7736
40580 	 366.9231
40590 	 366.4677
40600 	 363.9208
40610 	 364.7565
40620 	 371.5538
40630 	 365.4228
40640 	 374.6373
40650 	 368.3633
40660 	 366.5241
40670 	 371.1865
40680 	 372.6239
40690 	 374.7713
40700 	 370.8334
40710 	 373.3170
40720 	 372.0662
40730 	 374.6650
40740 	 374.1322
40750 	 374.4841
40760 	 369.4756
40770 	 373.4901
40780 	 368.1428
40790 	 373.4511
40800 	 370.8595
40810 	 372.3912
40820 	 377.7069
40830 	 369.7079
40840 	 369.8266
40850 	 373.7265
40860 	 375.4722
40870 	 371.3333
40880 	 374.9810
40890 	 364.3955
40900 	 371.1378
40910 	 366.0909
40920 	 370.7986
40930 	 371.7514
40940 	 372.0521
40950 	 370.7026
40960 	 369.6456
40970 	 368.0995
40980 	 364.6912
40990 	 368.8543
41000 	 367.9795
41010 	 368.9393
41020 	 372.9484
41030 	 370.7102
41040 	 368.1475
41050 	 367.5360
41060 	 365.0843
41070 	 368.5377
41080 	 367.8550
41090 	 367.9056
41100 	 370.7427
41110 	 370.9178
41120 	 368.4041
41130 	 372.9055
41140 	 368.1464
41150 	 372.8617
41160 	 373.3939
41170 	 373.7450
41180 	 372.8020
41190 	 374.6086
41200 	 371.5275
41210 	 374.2811
41220 	 375.5702
41230 	 373.5886
41240 	 370.4039
41250 	 365.5279
41260 	 366.9440
41270 	 366.8410
41280 	 370.1601
41290 	 376.3808
41300 	 372.8479
41310 	 373.1013
41320 	 370.3160
41330 	 369.9807
41340 	 371.4984
41350 	 365.6021
41360 	 372.6504
41370 	 372.0900
41380 	 367.1256
41390 	 373.3150
41400 	 366.4838
41410 	 371.4453
41420 	 371.0800
41430 	 370.4638
41440 	 363.9934
41450 	 367.0502
41460 	 367.9811
41470 	 363.2313
41480 	 372.1784
41490 	 372.3535
41500 	 371.3622
41510 	 366.6033
41520 	 369.1057
41530 	 367.6266
41540 	 370.3501
41550 	 370.6194
41560 	 370.9057
41570 	 368.4255
41580 	 368.7961
41590 	 371.1994
41600 	 370.8822
41610 	 370.2252
41620 	 368.7527
41630 	 370.2262
41640 	 373.9510
41650 	 366.9575
41660 	 374.3290
41670 	 371.5976
41680 	 366.9816
41690 	 374.0133
41700 	 363.7516
41710 	 372.1503
41720 	 374.1774
41730 	 375.2598
41740 	 371.3018
41750 	 373.8602
41760 	 375.1854
41770 	 378.9314
41780 	 373.5578
41790 	 366.2407
41800 	 369.9694
41810 	 369.8256
41820 	 371.6540
41830 	 374.2204
41840 	 367.2823
41850 	 368.3156
41860 	 370.2373
41870 	 376.0718
41880 	 371.5549
41890 	 374.0048
41900 	 372.8658
41910 	 368.1363
41920 	 371.9719
41930 	 368.8318
41940 	 371.2702
41950 	 371.2120
41960 	 364.5101
41970 	 368.8655
41980 	 363.5473
41990 	 370.0441
42000 	 368.0510
42010 	 367.4028
42020 	 367.1335
42030 	 372.0208
42040 	 364.8408
42050 	 371.0290
42060 	 369.1734
42070 	 372.8355
42080 	 377.3956
42090 	 369.8023
42100 	 370.3708
42110 	 374.8823
42120 	 368.5283
42130 	 368.5199
42140 	 369.9723
42150 	 370.3612
42160 	 374.8351
42170 	 375.2007
42180 	 373.4407
42190 	 375.8491
42200 	 375.8957
42210 	 374.1721
42220 	 371.0526
42230 	 370.9900
42240 	 370.4629
42250 	 375.7864
42260 	 366.1518
42270 	 375.0713
42280 	 374.0114
42290 	 370.5295
42300 	 365.9615
42310 	 367.4257
42320 	 367.5707
42330 	 372.5929
42340 	 367.0044
42350 	 369.4839
42360 	 366.6590
42370 	 377.4210
42380 	 372.1204
42390 	 369.2746
42400 	 365.4542
42410 	 369.1446
42420 	 373.8664
42430 	 376.6473
42440 	 369.0794
42450 	 368.6312
42460 	 366.8810
42470 	 377.7707
42480 	 369.3698
42490 	 372.8015
42500 	 370.5110
42510 	 373.0725
42520 	 373.7717
42530 	 368.6974
42540 	 375.7497
42550 	 365.9237
42560 	 364.5746
42570 	 367.2401
42580 	 370.7059
42590 	 370.5751
42600 	 365.5840
42610 	 369.2165
42620 	 368.6935
42630 	 367.3758
42640 	 365.8829
42650 	 370.8898
42660 	 370.1765
42670 	 375.4703
42680 	 368.4421
42690 	 370.5150
42700 	 370.4921
42710 	 367.3272
42720 	 369.8277
42730 	 369.0262
42740 	 369.7945
42750 	 369.5345
42760 	 372.7010
42770 	 372.5922
42780 	 367.7028
42790 	 372.7432
42800 	 372.3508
42810 	 370.9035
42820 	 372.6410
42830 	 372.0676
42840 	 365.9211
42850 	 371.1168
42860 	 373.3694
42870 	 372.9285
42880 	 369.6789
42890 	 375.4572
42900 	 371.8628
42910 	 371.2418
42920 	 369.3386
42930 	 368.4155
42940 	 368.7181
42950 	 369.7370
42960 	 366.4425
42970 	 368.2306
42980 	 365.1204
42990 	 373.3342
43000 	 367.8935
43010 	 377.1004
43020 	 369.5643
43030 	 368.4228
43040 	 369.8727
43050 	 367.8089
43060 	 363.1292
43070 	 365.9557
43080 	 365.4119
43090 	 369.5486
43100 	 368.3552
43110 	 370.4385
43120 	 358.6563
43130 	 372.6380
43140 	 367.9179
43150 	 370.1147
43160 	 367.7794
43170 	 369.7712
43180 	 366.7226
43190 	 368.0993
43200 	 364.2978
43210 	 367.9345
43220 	 370.0766
43230 	 371.2178
43240 	 370.7590
43250 	 363.8718
43260 	 371.7377
43270 	 375.5654
43280 	 371.8898
43290 	 369.4662
43300 	 366.1059
43310 	 366.5678
43320 	 361.7455
43330 	 368.5297
43340 	 371.4135
43350 	 367.8115
43360 	 369.3481
43370 	 369.0064
43380 	 369.2797
43390 	 375.6152
43400 	 370.2838
43410 	 369.9352
43420 	 368.2344
43430 	 373.9467
43440 	 368.7766
43450 	 371.5510
43460 	 369.4541
43470 	 366.6506
43480 	 367.6157
43490 	 370.0971
43500 	 369.0752
43510 	 375.5100
43520 	 366.0123
43530 	 366.3711
43540 	 371.5323
43550 	 362.7491
43560 	 361.6686
43570 	 368.5666
43580 	 372.3024
43590 	 368.3686
43600 	 369.2083
43610 	 373.0567
43620 	 371.8381
43630 	 369.2678
43640 	 367.4585
43650 	 370.9252
43660 	 368.4912
43670 	 365.7572
43680 	 365.5411
43690 	 368.3670
43700 	 367.1021
43710 	 368.4101
43720 	 364.0764
43730 	 364.5125
43740 	 371.2395
43750 	 375.0099
43760 	 372.8126
43770 	 366.9666
43780 	 371.1379
43790 	 365.5889
43800 	 365.7615
43810 	 370.8613
43820 	 364.5443
43830 	 368.0609
43840 	 363.1362
43850 	 372.5048
43860 	 367.9867
43870 	 370.1666
43880 	 368.7198
43890 	 367.3463
43900 	 366.6891
43910 	 369.2230
43920 	 362.8267
43930 	 362.7347
43940 	 364.3784
43950 	 365.2798
43960 	 362.9732
43970 	 366.0241
43980 	 367.1449
43990 	 370.5359
44000 	 371.1872
44010 	 370.3494
44020 	 371.4698
44030 	 369.4981
44040 	 369.2055
44050 	 370.4528
44060 	 373.1340
44070 	 371.5892
44080 	 370.9111
44090 	 370.8531
44100 	 374.5960
44110 	 368.7781
44120 	 374.4334
44130 	 373.8130
44140 	 375.9439
44150 	 371.6925
44160 	 372.1962
44170 	 374.7118
44180 	 365.1355
44190 	 371.1097
44200 	 367.1191
44210 	 371.4873
44220 	 372.9186
44230 	 374.3183
44240 	 369.1548
44250 	 372.2501
44260 	 376.8933
44270 	 370.3949
44280 	 375.7014
44290 	 374.5841
44300 	 366.9314
44310 	 377.4692
44320 	 364.9251
44330 	 377.0652
44340 	 373.9222
44350 	 372.4874
44360 	 370.0196
44370 	 371.9383
44380 	 374.0383
44390 	 365.7181
44400 	 369.9666
44410 	 368.2265
44420 	 370.8830
44430 	 372.6972
44440 	 365.5492
44450 	 365.3606
44460 	 366.6654
44470 	 360.7828
44480 	 370.8267
44490 	 365.1268
44500 	 371.2025
44510 	 369.2194
44520 	 370.9414
44530 	 370.6694
44540 	 368.7863
44550 	 371.8345
44560 	 368.8558
44570 	 373.4658
44580 	 369.8830
44590 	 370.1424
44600 	 375.6118
44610 	 371.7617
44620 	 374.1919
44630 	 367.2856
44640 	 375.8742
44650 	 367.5568
44660 	 363.7491
44670 	 370.0663
44680 	 367.4697
44690 	 370.2651
44700 	 366.1105
44710 	 368.4704
44720 	 369.3543
44730 	 368.1566
44740 	 369.8559
44750 	 374.6339
44760 	 377.7383
44770 	 370.8927
44780 	 373.8705
44790 	 374.2844
44800 	 372.0477
44810 	 378.7637
44820 	 374.0478
44830 	 378.0076
44840 	 373.9520
44850 	 373.4640
44860 	 371.3041
44870 	 373.2578
44880 	 372.2019
44890 	 365.0736
44900 	 368.9458
44910 	 374.1647
44920 	 368.1301
44930 	 368.3540
44940 	 373.7649
44950 	 372.3246
44960 	 367.4315
44970 	 368.9742
44980 	 362.9849
44990 	 367.3663
45000 	 375.0549
45010 	 371.1105
45020 	 372.8143
45030 	 374.4100
45040 	 367.9145
45050 	 372.7547
45060 	 373.9371
45070 	 370.9655
45080 	 375.4115
45090 	 371.5781
45100 	 370.9177
45110 	 366.8300
45120 	 373.4050
45130 	 368.6348
45140 	 369.6572
45150 	 371.0146
45160 	 363.3201
45170 	 371.8361
45180 	 368.6911
45190 	 367.4164
45200 	 372.1308
45210 	 373.7007
45220 	 371.9131
45230 	 373.0881
45240 	 376.1931
45250 	 370.9657
45260 	 374.1058
45270 	 374.2568
45280 	 369.9332
45290 	 371.7574
45300 	 374.1277
45310 	 371.3114
45320 	 371.7149
45330 	 367.5414
45340 	 371.7848
45350 	 365.0531
45360 	 370.9879
45370 	 368.2962
45380 	 369.5127
45390 	 368.6237
45400 	 368.8115
45410 	 368.9565
45420 	 370.0389
45430 	 365.5460
45440 	 369.3520
45450 	 373.8586
45460 	 372.5900
45470 	 371.8323
45480 	 371.2802
45490 	 369.7851
45500 	 367.7130
45510 	 366.7343
45520 	 370.9367
45530 	 373.3310
45540 	 372.1187
45550 	 372.6089
45560 	 368.6092
45570 	 364.9262
45580 	 370.3046
45590 	 365.1283
45600 	 368.8978
45610 	 367.8625
45620 	 366.3676
45630 	 370.1157
45640 	 370.0674
45650 	 374.8755
45660 	 370.7961
45670 	 370.9898
45680 	 372.4487
45690 	 377.5697
45700 	 375.1299
45710 	 377.3806
45720 	 369.6941
45730 	 369.5624
45740 	 370.0131
45750 	 367.8607
45760 	 376.6736
45770 	 369.2506
45780 	 371.2022
45790 	 370.2550
45800 	 366.8308
45810 	 375.3512
45820 	 373.5991
45830 	 366.8350
45840 	 368.8107
45850 	 370.2992
45860 	 362.2759
45870 	 369.6367
45880 	 364.5400
45890 	 368.2764
45900 	 369.2186
45910 	 371.9617
45920 	 368.1657
45930 	 371.9643
45940 	 371.9845
45950 	 370.0120
45960 	 370.4759
45970 	 370.8563
45980 	 366.9439
45990 	 364.3214
46000 	 367.9780
46010 	 366.7047
46020 	 370.4889
46030 	 365.0417
46040 	 365.9989
46050 	 368.2210
46060 	 371.5178
46070 	 369.8450
46080 	 368.2596
46090 	 367.5239
46100 	 366.5800
46110 	 371.7094
46120 	 370.6373
46130 	 363.3011
46140 	 369.6518
46150 	 366.5665
46160 	 372.1114
46170 	 369.0500
46180 	 367.8752
46190 	 372.1099
46200 	 372.5550
46210 	 374.5389
46220 	 377.5713
46230 	 370.9645
46240 	 365.5993
46250 	 368.7969
46260 	 366.3022
46270 	 365.3784
46280 	 366.4095
46290 	 366.9041
46300 	 367.3032
46310 	 369.8325
46320 	 369.5213
46330 	 372.3112
46340 	 371.7238
46350 	 372.4306
46360 	 368.1643
46370 	 372.2489
46380 	 367.4465
46390 	 372.7376
46400 	 368.5734
46410 	 368.1622
46420 	 363.9462
46430 	 370.1530
46440 	 368.2416
46450 	 368.2477
46460 	 373.0915
46470 	 371.8988
46480 	 369.2029
46490 	 369.4502
46500 	 368.6433
46510 	 367.6552
46520 	 368.6419
46530 	 370.8360
46540 	 373.9711
46550 	 368.5731
46560 	 373.1014
46570 	 371.0289
46580 	 367.5088
46590 	 367.7322
46600 	 374.4122
46610 	 375.6603
46620 	 370.5836
46630 	 366.2926
46640 	 366.5077
46650 	 371.2250
46660 	 371.2322
46670 	 370.3613
46680 	 367.9430
46690 	 368.2917
46700 	 369.9532
46710 	 374.1215
46720 	 372.8592
46730 	 361.7716
46740 	 370.0193
46750 	 363.3634
46760 	 373.2002
46770 	 368.1692
46780 	 368.7967
46790 	 361.2599
46800 	 366.4650
46810 	 370.0236
46820 	 368.6890
46830 	 370.9699
46840 	 371.1889
46850 	 367.1875
46860 	 368.5277
46870 	 371.6719
46880 	 368.2052
46890 	 373.4216
46900 	 376.7077
46910 	 368.9176
46920 	 366.9140
46930 	 360.4639
46940 	 364.8742
46950 	 370.9246
46960 	 371.9976
46970 	 369.0123
46980 	 367.5247
46990 	 370.7091
47000 	 367.8765
47010 	 369.8987
47020 	 370.5676
47030 	 365.8421
47040 	 369.4497
47050 	 360.8646
47060 	 365.6614
47070 	 372.5093
47080 	 370.4519
47090 	 370.3905
47100 	 366.2868
47110 	 366.0935
47120 	 369.6355
47130 	 365.7192
47140 	 363.3128
47150 	 369.3166
47160 	 370.7949
47170 	 371.1063
47180 	 367.3103
47190 	 369.9026
47200 	 369.1816
47210 	 371.4099
47220 	 364.4244
47230 	 370.8436
47240 	 377.1145
47250 	 372.0992
47260 	 372.3039
47270 	 371.2854
47280 	 371.6952
47290 	 366.7750
47300 	 370.2770
47310 	 364.7504
47320 	 370.0859
47330 	 366.7281
47340 	 368.9761
47350 	 365.8497
47360 	 368.5447
47370 	 373.9500
47380 	 367.1230
47390 	 368.5465
47400 	 372.0236
47410 	 364.0099
47420 	 363.0399
47430 	 370.4926
47440 	 369.2915
47450 	 367.7406
47460 	 370.8323
47470 	 365.5718
47480 	 368.2117
47490 	 367.6957
47500 	 374.5183
47510 	 365.0289
47520 	 366.7725
47530 	 367.5686
47540 	 368.8410
47550 	 372.2689
47560 	 367.3983
47570 	 370.0855
47580 	 371.6512
47590 	 369.5917
47600 	 371.8720
47610 	 372.9203
47620 	 365.3532
47630 	 368.1751
47640 	 369.1678
47650 	 370.7416
47660 	 364.4950
47670 	 370.0995
47680 	 368.0041
47690 	 367.6016
47700 	 369.7240
47710 	 367.2507
47720 	 370.9883
47730 	 375.7662
47740 	 374.4082
47750 	 366.8043
47760 	 368.8094
47770 	 374.3764
47780 	 371.0019
47790 	 377.8941
47800 	 369.0477
47810 	 369.9270
47820 	 373.0897
47830 	 375.5313
47840 	 372.5758
47850 	 370.9143
47860 	 375.8009
47870 	 373.8008
47880 	 373.4673
47890 	 369.2722
47900 	 373.0661
47910 	 371.7632
47920 	 378.5275
47930 	 374.2123
47940 	 362.5913
47950 	 369.2893
47960 	 371.1449
47970 	 368.9887
47980 	 370.6575
47990 	 362.0520
48000 	 369.1585
48010 	 369.3577
48020 	 366.9097
48030 	 369.2949
48040 	 367.6876
48050 	 366.7087
48060 	 373.3487
48070 	 359.6401
48080 	 368.3627
48090 	 366.1371
48100 	 373.8330
48110 	 365.4890
48120 	 369.2796
48130 	 364.2876
48140 	 371.5527
48150 	 365.6137
48160 	 370.4129
48170 	 369.9462
48180 	 367.3109
48190 	 369.9969
48200 	 366.5935
48210 	 370.5849
48220 	 366.4358
48230 	 368.9757
48240 	 371.8800
48250 	 367.6653
48260 	 371.9344
48270 	 368.9319
48280 	 369.6066
48290 	 364.6577
48300 	 367.9447
48310 	 366.9425
48320 	 362.5189
48330 	 364.5491
48340 	 364.3089
48350 	 365.8121
48360 	 358.2336
48370 	 365.2652
48380 	 368.4145
48390 	 365.2438
48400 	 368.7272
48410 	 368.3612
48420 	 367.8076
48430 	 364.2832
48440 	 366.7145
48450 	 373.9938
48460 	 375.7041
48470 	 365.4103
48480 	 366.6433
48490 	 368.8313
48500 	 376.5201
48510 	 371.3823
48520 	 372.7089
48530 	 366.0964
48540 	 368.1509
48550 	 376.7533
48560 	 366.9693
48570 	 368.1245
48580 	 370.2289
48590 	 366.9181
48600 	 368.9636
48610 	 366.1537
48620 	 363.9165
48630 	 368.5489
48640 	 362.1351
48650 	 369.9494
48660 	 366.6397
48670 	 369.6976
48680 	 365.9151
48690 	 368.0570
48700 	 369.5565
48710 	 365.7773
48720 	 367.3152
48730 	 363.6439
48740 	 365.1125
48750 	 365.5403
48760 	 369.1982
48770 	 368.9518
48780 	 369.8204
48790 	 363.1505
48800 	 371.4379
48810 	 368.3577
48820 	 366.8165
48830 	 371.3546
48840 	 372.0357
48850 	 373.4405
48860 	 372.1176
48870 	 368.0486
48880 	 374.3298
48890 	 378.9049
48900 	 374.7266
48910 	 371.7589
48920 	 370.5569
48930 	 370.4425
48940 	 371.4081
48950 	 369.7759
48960 	 370.2565
48970 	 371.0740
48980 	 371.4661
48990 	 367.8856
49000 	 360.7885
49010 	 363.3347
49020 	 365.4353
49030 	 366.2535
49040 	 370.5492
49050 	 369.2275
49060 	 369.0690
49070 	 371.8760
49080 	 373.4408
49090 	 376.1996
49100 	 373.8054
49110 	 370.8572
49120 	 366.6540
49130 	 368.3024
49140 	 370.5869
49150 	 371.2355
49160 	 372.5056
49170 	 368.1553
49180 	 372.8038
49190 	 370.6259
49200 	 365.5055
49210 	 374.2582
49220 	 368.3826
49230 	 368.4960
49240 	 375.1790
49250 	 368.4740
49260 	 376.8554
49270 	 373.7459
49280 	 372.3298
49290 	 366.6043
49300 	 366.6835
49310 	 368.5972
49320 	 365.2941
49330 	 369.0853
49340 	 365.2575
49350 	 368.3636
49360 	 368.2192
49370 	 364.4789
49380 	 365.5442
49390 	 367.0866
49400 	 367.1252
49410 	 367.8602
49420 	 372.1154
49430 	 372.3982
49440 	 367.9078
49450 	 375.5068
49460 	 365.5881
49470 	 371.7493
49480 	 368.7398
49490 	 367.4050
49500 	 369.2598
49510 	 373.6384
49520 	 370.4558
49530 	 370.5439
49540 	 373.4923
49550 	 368.9699
49560 	 371.5087
49570 	 371.6660
49580 	 368.4154
49590 	 370.0624
49600 	 374.5846
49610 	 373.2363
49620 	 370.3422
49630 	 365.9966
49640 	 373.1138
49650 	 363.7446
49660 	 371.6668
49670 	 370.1769
49680 	 371.2725
49690 	 372.4329
49700 	 368.6941
49710 	 369.9846
49720 	 374.8479
49730 	 372.0031
49740 	 379.1573
49750 	 373.9844
49760 	 368.4813
49770 	 377.0897
49780 	 375.7125
49790 	 365.6020
49800 	 369.5500
49810 	 368.6522
49820 	 370.4285
49830 	 369.7509
49840 	 366.8710
49850 	 369.5469
49860 	 372.0662
49870 	 366.7476
49880 	 371.6018
49890 	 370.4877
49900 	 368.2705
49910 	 364.2859
49920 	 367.9479
49930 	 366.4377
49940 	 369.5756
49950 	 373.8877
49960 	 372.1104
49970 	 368.3924
49980 	 369.2540
49990 	 368.2066
50000 	 361.0730
