1 	 0.7302694177695296
2 	 1.5183530582352118
3 	 0.518131917738779
4 	 0.6488354820351709
5 	 0.4822330695966428
6 	 0.9056117869303985
7 	 0.887111713913354
8 	 1.419964435611936
9 	 1.7178184282373299
10 	 1.3155875927311453
11 	 1.5832493144747886
12 	 0.8187829172238708
13 	 1.1970736134153876
14 	 0.9227683909948576
15 	 0.6629755607924678
16 	 1.5632187054780398
17 	 0.5625423178550872
18 	 1.074380061436783
19 	 1.0129229025204074
20 	 0.5946497790041295
21 	 0.7918984104862268
22 	 0.552732885161584
23 	 0.5751975837095895
24 	 1.0193009829825976
25 	 0.8442870203371753
26 	 0.432620521126823
27 	 0.5757710307531736
28 	 0.5411471335386688
29 	 0.9087559661709449
30 	 0.5465541023557836
31 	 1.2346419309587642
32 	 0.950352033065124
33 	 0.8177822572467002
34 	 0.8693122354285283
35 	 0.6545936868813905
36 	 0.7042850778963078
37 	 0.6854005919871005
38 	 0.6525775380635803
39 	 1.1618324024839835
40 	 1.2957319318503142
41 	 0.5550308275493708
42 	 2.190727847767147
43 	 0.5410989859530871
44 	 0.6535954124649818
45 	 0.9060640968890352
46 	 1.2635067366673187
47 	 1.1999140951037406
48 	 2.0759584208171478
49 	 1.3453522926839916
50 	 0.6759159452671355
51 	 1.3545725998621094
52 	 1.1215098597922109
53 	 0.7128361190008846
54 	 1.4805172486467795
55 	 0.6350284308093516
56 	 0.7033150840313597
57 	 0.7624522989581932
58 	 1.1690805933082646
59 	 0.7150867807391015
60 	 1.154806870310144
61 	 0.6290695494684306
62 	 1.5563376122374426
63 	 1.0737288448688658
64 	 1.4980791075663134
65 	 0.6883353395015002
66 	 0.5451481063596227
67 	 0.5261281673847275
68 	 0.9281255051832308
69 	 0.48974408268420533
70 	 0.6191676837950945
71 	 1.6754902293533087
72 	 2.0913232498751446
73 	 1.919532572315498
74 	 4.351577321372249
75 	 2.8946091243760153
76 	 4.878768455677411
