10000	301.7189
10010	304.1098
10020	298.9695
10030	304.0381
10040	300.3727
10050	301.0913
10060	300.9343
10070	302.4267
10080	300.2851
10090	311.2880
10100	307.0043
10110	301.0210
10120	303.0951
10130	300.3982
10140	303.7031
10150	307.2098
10160	303.8839
10170	303.9625
10180	303.2726
10190	302.0231
10200	307.4988
10210	302.4379
10220	305.3439
10230	306.3577
10240	305.5401
10250	303.2837
10260	307.9305
10270	301.6689
10280	297.3608
10290	305.9688
10300	300.8894
10310	308.1908
10320	305.3360
10330	307.3026
10340	310.1961
10350	308.2114
10360	305.7244
10370	312.0469
10380	302.6288
10390	304.0101
10400	307.2431
10410	305.9562
10420	302.9380
10430	299.7432
10440	303.3893
10450	308.3180
10460	305.9079
10470	307.7921
10480	309.0946
10490	311.3688
10500	307.5039
10510	306.3198
10520	309.3433
10530	306.6277
10540	307.3416
10550	308.8466
10560	304.6531
10570	305.4952
10580	307.1917
10590	306.8350
10600	304.5916
10610	309.4179
10620	312.1097
10630	308.2831
10640	307.0232
10650	312.2387
10660	312.2819
10670	313.7615
10680	309.6158
10690	310.1790
10700	307.7950
10710	309.8680
10720	309.7946
10730	307.6743
10740	305.1819
10750	314.0428
10760	306.7755
10770	304.3662
10780	307.5106
10790	310.6938
10800	309.5791
10810	311.2443
10820	309.9094
10830	308.6943
10840	308.5959
10850	314.6739
10860	306.2117
10870	312.5817
10880	309.1337
10890	310.4346
10900	304.6140
10910	312.3737
10920	309.5873
10930	314.1048
10940	314.1189
10950	312.5165
10960	307.7869
10970	305.6108
10980	309.6031
10990	308.3120
11000	307.2651
11010	306.2029
11020	303.9931
11030	310.1489
11040	306.6742
11050	308.5119
11060	304.7779
11070	309.5962
11080	310.0188
11090	311.8335
11100	304.1396
11110	306.8988
11120	307.7349
11130	310.0377
11140	306.4640
11150	309.0818
11160	309.3500
11170	310.6399
11180	311.4324
11190	311.3623
11200	312.9698
11210	312.3916
11220	314.7331
11230	308.8509
11240	313.7261
11250	316.4576
11260	311.9611
11270	309.1737
11280	311.0229
11290	308.7910
11300	311.3892
11310	311.2990
11320	311.1386
11330	314.3101
11340	305.3269
11350	309.0650
11360	304.3405
11370	307.7280
11380	307.3886
11390	307.8872
11400	306.1081
11410	314.1389
11420	307.5195
11430	312.9811
11440	308.7202
11450	314.2935
11460	310.4038
11470	315.1895
11480	314.8000
11490	319.0991
11500	311.7845
11510	310.0174
11520	314.0522
11530	308.4794
11540	308.4949
11550	310.9934
11560	313.3621
11570	312.3075
11580	313.4985
11590	312.7397
11600	313.0380
11610	313.3748
11620	314.2801
11630	311.8655
11640	314.6368
11650	311.2852
11660	310.5094
11670	314.0920
11680	316.2388
11690	313.8076
11700	312.3639
11710	318.0291
11720	313.0376
11730	311.0621
11740	310.7604
11750	311.3273
11760	313.8857
11770	309.8608
11780	313.0359
11790	311.9334
11800	312.7392
11810	310.0278
11820	304.9055
11830	310.4185
11840	308.2498
11850	305.8276
11860	313.5195
11870	309.8077
11880	309.7732
11890	307.1304
11900	308.5564
11910	310.5743
11920	308.5906
11930	309.2456
11940	309.7723
11950	309.4124
11960	306.6323
11970	306.4551
11980	307.7709
11990	306.3145
12000	306.9524
12010	305.8090
12020	307.7894
12030	305.9488
12040	306.2593
12050	310.9032
12060	311.3020
12070	306.3745
12080	304.6556
12090	309.5637
12100	303.7131
12110	309.0496
12120	306.2024
12130	308.0977
12140	308.0995
12150	304.4748
12160	304.1599
12170	310.3769
12180	306.8402
12190	307.6683
12200	311.2535
12210	307.5287
12220	313.1473
12230	306.3988
12240	308.3077
12250	308.2932
12260	306.5623
12270	306.4268
12280	308.7061
12290	306.6240
12300	307.0793
12310	305.4176
12320	305.8425
12330	308.9642
12340	306.6073
12350	308.3077
12360	309.1900
12370	310.6397
12380	312.0265
12390	309.2213
12400	312.3276
12410	311.0723
12420	310.1060
12430	306.4215
12440	307.4351
12450	308.5877
12460	310.6559
12470	305.4974
12480	315.3905
12490	311.5772
12500	311.6267
12510	314.2869
12520	312.5665
12530	308.8775
12540	306.9614
12550	306.5778
12560	307.9700
12570	313.2439
12580	307.2128
12590	312.8729
12600	305.4079
12610	307.7074
12620	303.9744
12630	307.8737
12640	304.7814
12650	310.0321
12660	310.0439
12670	316.1623
12680	305.5830
12690	308.8610
12700	308.5702
12710	314.6771
12720	307.6515
12730	306.0533
12740	305.7975
12750	310.5390
12760	302.2186
12770	310.7649
12780	309.9208
12790	311.6112
12800	311.2654
12810	313.2022
12820	310.5747
12830	305.1490
12840	309.7178
12850	303.9721
12860	301.7890
12870	303.8284
12880	309.3987
12890	308.4684
12900	315.0959
12910	307.8202
12920	310.3125
12930	304.2791
12940	308.4522
12950	303.6950
12960	303.5184
12970	310.6533
12980	310.5972
12990	308.3372
13000	311.4738
13010	304.8968
13020	304.0193
13030	301.1826
13040	307.5433
13050	310.1833
13060	305.3639
13070	309.9119
13080	311.1049
13090	306.3534
13100	307.2858
13110	306.7162
13120	307.9525
13130	310.3243
13140	308.3235
13150	307.4252
13160	310.8653
13170	308.6347
13180	310.6045
13190	309.5191
13200	303.7153
13210	306.6421
13220	306.9882
13230	305.2868
13240	305.8738
13250	303.4575
13260	302.9901
13270	308.2988
13280	307.8227
13290	310.6325
13300	310.1000
13310	310.9785
13320	307.9909
13330	314.2085
13340	304.9893
13350	308.4275
13360	314.0947
13370	306.5606
13380	311.5218
13390	309.0639
13400	311.6775
13410	309.6427
13420	311.4035
13430	310.7219
13440	310.4654
13450	311.3557
13460	314.7164
13470	310.0047
13480	309.5201
13490	310.3215
13500	313.7516
13510	309.7359
13520	310.6683
13530	310.1214
13540	306.5193
13550	305.9522
13560	312.1391
13570	313.0186
13580	310.4577
13590	312.5012
13600	311.4133
13610	309.7116
13620	313.3664
13630	318.9058
13640	311.4420
13650	307.7375
13660	303.8899
13670	309.2618
13680	312.1453
13690	306.5072
13700	311.0315
13710	307.7308
13720	315.7929
13730	311.5946
13740	308.3604
13750	308.6575
13760	310.4928
13770	307.7132
13780	310.9252
13790	308.2273
13800	310.6132
13810	307.4799
13820	306.5491
13830	303.9319
13840	301.6065
13850	306.6586
13860	311.6793
13870	311.5821
13880	307.2672
13890	312.2935
13900	309.9400
13910	313.3448
13920	311.4822
13930	302.0016
13940	310.9583
13950	310.5047
13960	308.6975
13970	312.0972
13980	307.7573
13990	304.4149
14000	308.1124
14010	302.3858
14020	311.8002
14030	307.6290
14040	305.4736
14050	307.9726
14060	310.5227
14070	307.6702
14080	304.0754
14090	306.6408
14100	304.5740
14110	305.5214
14120	302.7082
14130	304.3377
14140	307.0413
14150	304.8929
14160	305.5389
14170	301.7781
14180	303.7485
14190	307.9843
14200	308.9140
14210	305.8554
14220	307.9185
14230	301.8603
14240	306.1748
14250	302.3773
14260	305.0026
14270	306.6013
14280	307.8975
14290	309.6126
14300	309.5740
14310	313.1337
14320	311.1732
14330	312.9151
14340	313.7747
14350	307.7206
14360	308.5981
14370	311.2252
14380	310.2427
14390	310.6968
14400	310.7498
14410	309.9571
14420	306.8771
14430	312.4770
14440	305.0737
14450	305.4107
14460	308.0989
14470	309.6025
14480	316.4075
14490	308.7668
14500	313.2745
14510	306.2922
14520	305.1261
14530	312.1671
14540	308.8970
14550	310.7743
14560	310.8222
14570	308.2890
14580	310.3673
14590	310.5673
14600	312.7217
14610	311.8776
14620	313.1951
14630	312.1587
14640	314.5875
14650	310.3384
14660	313.3238
14670	306.5905
14680	308.9385
14690	309.7749
14700	307.8014
14710	307.2655
14720	308.2653
14730	311.6175
14740	311.2545
14750	309.8584
14760	312.1387
14770	309.0243
14780	313.0703
14790	303.7097
14800	306.4354
14810	307.1861
14820	310.8721
14830	308.4727
14840	309.0781
14850	307.2809
14860	304.3669
14870	308.0721
14880	306.5507
14890	310.1168
14900	311.3504
14910	309.9346
14920	310.7868
14930	306.6342
14940	310.4951
14950	304.4700
14960	311.9213
14970	308.6040
14980	307.0810
14990	308.3636
15000	312.1290
15010	311.2251
15020	309.6100
15030	300.8462
15040	309.8325
15050	306.4677
15060	313.1438
15070	306.5305
15080	312.4122
15090	306.3504
15100	309.1074
15110	307.4079
15120	301.3265
15130	306.0454
15140	305.8549
15150	309.9273
15160	307.3712
15170	306.7832
15180	304.7327
15190	311.7276
15200	307.3279
15210	307.9752
15220	303.9705
15230	305.0753
15240	308.5373
15250	305.5387
15260	299.6969
15270	309.2562
15280	306.5956
15290	306.2958
15300	310.2591
15310	307.5571
15320	310.5981
15330	310.5210
15340	310.0380
15350	307.2889
15360	310.3956
15370	311.6718
15380	309.7680
15390	306.6895
15400	308.5984
15410	306.8599
15420	310.0488
15430	309.5098
15440	304.8615
15450	303.2042
15460	309.1363
15470	309.2435
15480	306.6197
15490	309.9940
15500	300.6455
15510	304.9394
15520	311.6731
15530	309.7297
15540	305.8171
15550	307.7460
15560	308.8372
15570	305.7741
15580	303.6885
15590	310.1381
15600	307.2504
15610	308.3329
15620	311.7652
15630	312.8412
15640	308.7520
15650	302.3245
15660	306.3839
15670	302.9502
15680	302.7348
15690	306.8891
15700	306.8981
15710	304.4279
15720	308.2410
15730	309.5114
15740	308.1416
15750	304.8412
15760	303.2544
15770	302.1113
15780	305.3401
15790	302.7320
15800	306.9172
15810	306.8586
15820	305.5027
15830	304.1387
15840	309.0002
15850	311.6171
15860	306.9560
15870	308.7511
15880	307.2237
15890	312.2699
15900	306.6655
15910	305.0981
15920	301.7510
15930	301.7549
15940	307.6288
15950	305.5599
15960	305.3886
15970	309.5519
15980	309.5649
15990	312.3616
16000	309.3198
16010	312.2800
16020	305.2316
16030	307.7968
16040	303.9198
16050	302.0034
16060	308.8291
16070	309.5644
16080	306.7222
16090	309.1151
16100	307.8899
16110	303.7154
16120	305.9146
16130	306.3243
16140	303.1864
16150	299.9785
16160	305.5580
16170	307.8736
16180	305.8239
16190	311.2837
16200	315.0204
16210	305.9411
16220	305.5991
16230	303.0502
16240	309.4890
16250	305.6324
16260	309.3959
16270	310.5550
16280	304.2526
16290	305.0348
16300	304.8018
16310	307.1188
16320	308.1903
16330	309.5472
16340	307.7508
16350	311.1095
16360	303.4366
16370	306.4307
16380	304.6943
16390	305.8171
16400	307.6105
16410	304.2076
16420	307.8922
16430	304.1543
16440	307.3063
16450	303.3932
16460	306.3067
16470	305.9677
16480	308.1120
16490	307.7507
16500	311.1927
16510	308.6728
16520	306.5855
16530	312.5947
16540	307.1202
16550	304.3621
16560	306.2747
16570	305.6040
16580	306.1878
16590	306.1373
16600	306.7410
16610	306.9465
16620	305.0342
16630	311.1200
16640	309.4457
16650	310.4787
16660	314.4219
16670	304.9173
16680	309.2787
16690	306.3730
16700	313.8521
16710	305.6951
16720	309.2424
16730	304.4282
16740	307.9048
16750	304.9736
16760	307.2698
16770	307.9038
16780	310.9671
16790	308.7704
16800	306.7785
16810	305.5325
16820	308.9712
16830	308.1311
16840	302.4237
16850	303.9543
16860	301.7872
16870	306.8919
16880	308.1702
16890	302.4732
16900	302.0053
16910	304.6566
16920	302.0379
16930	303.6620
16940	305.8626
16950	311.3003
16960	308.4900
16970	306.6545
16980	306.8138
16990	304.5218
17000	308.1149
17010	308.0052
17020	308.3995
17030	309.4420
17040	306.7299
17050	311.8042
17060	311.5040
17070	305.5812
17080	308.7187
17090	304.5551
17100	302.7086
17110	307.8006
17120	306.9656
17130	305.5002
17140	307.0935
17150	308.6207
17160	307.0547
17170	309.8119
17180	307.6906
17190	309.6403
17200	302.8495
17210	308.0786
17220	308.4371
17230	304.9689
17240	309.0236
17250	302.8273
17260	308.5991
17270	304.0957
17280	307.3671
17290	309.9500
17300	310.9981
17310	307.0617
17320	308.9658
17330	313.2982
17340	311.7224
17350	310.8225
17360	310.2044
17370	303.7244
17380	309.7637
17390	308.1635
17400	306.4920
17410	306.0722
17420	308.7550
17430	310.7771
17440	310.2678
17450	306.7416
17460	312.2681
17470	305.1111
17480	303.0171
17490	304.9148
17500	304.8473
17510	309.8788
17520	307.3381
17530	309.3861
17540	310.6718
17550	306.2646
17560	309.4134
17570	310.2791
17580	309.7973
17590	302.5942
17600	305.5706
17610	305.1869
17620	304.8174
17630	307.5389
17640	303.2327
17650	303.3050
17660	308.6718
17670	304.2844
17680	311.0408
17690	308.6417
17700	303.8681
17710	310.8142
17720	310.1311
17730	307.0840
17740	306.1555
17750	303.7596
17760	305.1188
17770	312.5860
17780	311.7917
17790	312.3879
17800	311.4367
17810	308.4746
17820	309.5668
17830	313.2567
17840	308.5635
17850	306.5204
17860	306.3699
17870	304.5173
17880	310.8375
17890	304.7061
17900	309.0165
17910	308.0920
17920	304.5254
17930	306.7223
17940	307.2845
17950	304.7308
17960	305.8401
17970	309.7905
17980	307.2374
17990	305.0338
18000	306.5836
18010	304.5483
18020	308.0817
18030	303.0835
18040	304.3511
18050	306.6970
18060	304.3022
18070	303.6380
18080	307.1353
18090	311.4277
18100	308.9779
18110	308.1050
18120	310.6128
18130	312.1783
18140	307.7631
18150	307.3333
18160	307.4747
18170	310.0473
18180	308.5753
18190	307.9536
18200	309.6467
18210	307.0422
18220	313.2118
18230	313.1563
18240	311.7161
18250	309.8365
18260	311.6681
18270	308.7671
18280	306.9934
18290	302.3950
18300	302.1323
18310	297.3133
18320	306.3239
18330	305.3649
18340	303.1634
18350	306.3391
18360	308.2983
18370	309.7964
18380	302.4024
18390	305.2574
18400	305.9691
18410	306.8979
18420	309.3946
18430	308.6229
18440	308.1822
18450	306.0986
18460	310.3207
18470	305.4811
18480	307.9206
18490	309.0368
18500	308.8592
18510	309.6717
18520	309.0827
18530	305.3520
18540	307.5775
18550	304.7435
18560	304.9097
18570	310.0347
18580	308.0117
18590	312.1588
18600	308.7348
18610	312.8706
18620	309.1779
18630	308.8053
18640	319.3281
18650	311.6246
18660	310.8880
18670	312.5805
18680	308.9078
18690	312.5647
18700	311.7834
18710	306.7611
18720	307.3060
18730	306.5479
18740	309.4463
18750	312.6604
18760	307.3925
18770	307.6771
18780	312.1329
18790	308.7808
18800	311.6056
18810	308.8657
18820	311.0659
18830	314.1284
18840	313.6310
18850	308.9222
18860	311.6977
18870	306.9518
18880	309.6726
18890	307.8868
18900	304.5393
18910	308.1021
18920	307.0102
18930	307.3982
18940	308.7960
18950	309.4166
18960	310.0330
18970	305.9750
18980	305.3811
18990	306.2222
19000	306.7353
19010	300.3457
19020	304.2118
19030	310.3582
19040	309.2937
19050	307.8774
19060	313.6594
19070	308.3332
19080	304.4708
19090	303.5706
19100	300.6579
19110	301.8716
19120	302.9580
19130	302.3399
19140	306.1296
19150	307.0182
19160	308.7204
19170	304.1113
19180	311.0273
19190	305.2033
19200	307.2204
19210	302.8763
19220	305.8737
19230	311.4704
19240	310.4795
19250	310.7812
19260	314.1516
19270	310.0574
19280	306.0628
19290	308.7755
19300	303.0792
19310	308.5580
19320	303.3234
19330	304.5361
19340	302.1794
19350	307.5521
19360	308.1649
19370	303.2971
19380	302.8012
19390	300.8928
19400	302.7275
19410	306.2625
19420	299.0578
19430	302.1410
19440	301.3680
19450	304.8496
19460	303.5625
19470	306.2824
19480	306.4688
19490	303.2834
19500	302.3971
19510	312.2972
19520	302.8837
19530	309.6769
19540	307.1159
19550	306.6225
19560	308.8893
19570	302.7235
19580	305.6112
19590	308.6329
19600	307.2854
19610	302.2674
19620	308.4108
19630	305.2804
19640	306.4099
19650	309.4677
19660	308.7267
19670	311.5750
19680	311.0354
19690	310.5542
19700	309.2875
19710	313.6382
19720	309.1237
19730	312.5085
19740	305.0285
19750	308.1765
19760	306.9306
19770	305.3405
19780	312.2409
19790	309.4431
19800	310.2265
19810	307.8650
19820	307.0511
19830	306.9535
19840	306.4381
19850	307.5003
19860	303.3320
19870	301.6564
19880	305.4266
19890	303.9648
19900	309.8833
19910	308.7434
19920	303.3022
19930	309.1922
19940	302.5598
19950	307.3790
19960	304.0603
19970	311.7651
19980	306.0765
19990	308.0330
20000	306.7920
20010	306.9118
20020	300.9561
20030	306.3018
20040	302.8912
20050	304.0390
20060	301.4858
20070	302.8006
20080	308.4262
20090	307.4052
20100	308.9972
20110	303.8880
20120	307.4836
20130	305.5688
20140	304.3848
20150	311.0219
20160	306.4206
20170	309.5048
20180	308.0585
20190	310.0746
20200	308.3906
20210	309.0618
20220	308.8311
20230	304.9026
20240	307.1464
20250	305.0052
20260	304.8816
20270	307.7225
20280	304.5946
20290	303.7967
20300	307.3060
20310	306.8375
20320	302.5380
20330	306.9363
20340	307.4753
20350	308.1084
20360	305.8130
20370	307.0924
20380	305.1823
20390	308.4441
20400	309.2937
20410	304.6662
20420	305.1919
20430	306.4455
20440	308.1520
20450	300.0253
20460	305.3816
20470	308.7735
20480	302.1467
20490	304.9178
20500	309.0855
20510	305.3098
20520	305.9140
20530	304.1975
20540	303.2281
20550	308.8276
20560	301.3176
20570	305.9987
20580	305.0167
20590	306.6755
20600	303.4996
20610	302.4717
20620	305.8989
20630	307.0407
20640	308.1928
20650	309.5487
20660	303.6604
20670	308.0096
20680	309.8077
20690	304.8842
20700	310.1473
20710	308.6229
20720	309.0509
20730	302.2484
20740	311.0047
20750	305.8620
20760	309.7020
20770	310.0782
20780	308.3311
20790	306.8982
20800	308.0211
20810	306.5033
20820	308.2581
20830	300.9581
20840	309.0843
20850	308.7110
20860	304.4069
20870	308.9081
20880	308.6852
20890	306.0903
20900	313.0047
20910	313.6208
20920	311.1825
20930	305.3567
20940	304.1024
20950	304.1316
20960	309.3930
20970	308.6012
20980	307.9739
20990	308.8506
21000	302.4687
21010	299.8310
21020	301.9454
21030	303.7213
21040	305.0900
21050	305.8108
21060	306.7991
21070	310.7786
21080	308.0621
21090	309.4185
21100	308.1915
21110	307.0656
21120	308.9462
21130	307.1163
21140	308.1201
21150	312.8929
21160	305.2919
21170	306.1938
21180	302.6158
21190	307.7151
21200	306.7950
21210	298.4973
21220	311.2472
21230	307.6051
21240	308.5295
21250	304.4135
21260	308.0723
21270	307.7488
21280	308.1428
21290	307.0663
21300	306.4383
21310	307.5692
21320	309.0518
21330	310.2944
21340	307.0062
21350	311.1776
21360	305.0647
21370	307.6362
21380	308.6616
21390	307.1874
21400	309.8912
21410	304.1715
21420	312.6149
21430	312.4556
21440	309.2079
21450	312.6666
21460	309.1408
21470	307.6528
21480	313.2920
21490	311.1836
21500	312.6876
21510	310.1709
21520	309.0907
21530	310.4285
21540	312.1437
21550	310.7394
21560	307.7423
21570	310.2587
21580	308.5998
21590	309.1708
21600	305.6177
21610	311.0801
21620	309.6545
21630	314.4231
21640	309.9322
21650	309.8125
21660	305.7274
21670	307.6949
21680	311.8605
21690	311.8343
21700	309.8289
21710	304.7199
21720	304.2877
21730	306.8699
21740	307.5527
21750	304.3830
21760	305.5805
21770	307.5326
21780	312.8670
21790	307.0307
21800	309.2328
21810	307.3924
21820	309.3007
21830	307.8538
21840	308.9889
21850	310.2946
21860	303.6181
21870	308.4362
21880	309.9400
21890	313.3943
21900	314.7361
21910	310.1223
21920	312.9452
21930	310.0494
21940	310.7893
21950	304.5628
21960	314.4390
21970	313.1848
21980	306.3103
21990	311.8116
22000	309.6072
22010	309.9705
22020	310.4012
22030	313.7826
22040	313.3099
22050	315.2160
22060	316.0783
22070	314.4025
22080	315.6747
22090	314.8071
22100	314.5984
22110	313.2552
22120	312.8921
22130	310.4674
22140	314.6054
22150	314.4251
22160	312.9230
22170	322.0627
22180	314.7719
22190	314.8657
22200	313.6968
22210	313.7842
22220	312.2134
22230	306.6573
22240	309.0804
22250	315.2441
22260	313.0909
22270	309.2560
22280	308.4086
22290	309.8043
22300	313.8919
22310	308.8816
22320	314.3711
22330	307.2083
22340	307.4019
22350	309.2804
22360	309.8606
22370	311.3893
22380	316.3061
22390	310.2336
22400	312.7501
22410	313.6545
22420	310.0413
22430	308.0914
22440	308.5830
22450	309.0796
22460	306.4850
22470	313.6191
22480	307.1294
22490	311.0608
22500	312.6781
22510	313.7724
22520	310.9900
22530	311.5931
22540	314.6682
22550	311.2068
22560	312.7853
22570	306.8668
22580	313.3462
22590	312.0886
22600	310.1476
22610	311.3573
22620	308.3170
22630	310.9327
22640	310.0553
22650	309.3123
22660	306.4327
22670	312.6277
22680	310.9277
22690	311.9915
22700	304.9026
22710	305.4894
22720	311.5612
22730	313.6059
22740	312.0185
22750	304.0892
22760	308.2807
22770	309.0831
22780	305.8431
22790	309.1529
22800	303.7884
22810	311.2461
22820	307.7628
22830	311.1748
22840	311.5030
22850	315.6428
22860	307.9906
22870	314.1506
22880	315.9844
22890	309.2992
22900	310.8672
22910	310.3999
22920	311.0939
22930	305.2433
22940	311.5501
22950	311.1550
22960	307.4955
22970	306.8313
22980	305.0498
22990	312.9185
23000	304.8132
23010	309.4839
23020	311.4377
23030	308.0114
23040	313.7606
23050	308.3880
23060	309.4524
23070	306.5893
23080	304.6693
23090	304.1116
23100	305.6155
23110	306.5227
23120	307.4380
23130	308.8428
23140	301.9185
23150	314.0038
23160	308.6796
23170	307.0248
23180	307.2233
23190	308.0229
23200	307.0634
23210	306.6232
23220	307.8682
23230	307.4117
23240	305.4405
23250	304.1086
23260	307.8899
23270	306.9874
23280	303.4514
23290	308.0863
23300	303.8960
23310	306.8832
23320	304.9977
23330	305.5158
23340	305.7253
23350	306.1009
23360	304.2775
23370	305.2246
23380	305.9452
23390	304.5965
23400	304.5593
23410	306.4740
23420	303.3206
23430	308.0335
23440	305.9023
23450	308.6738
23460	309.0314
23470	308.7677
23480	310.1185
23490	301.1388
23500	303.3820
23510	304.6877
23520	307.8167
23530	305.9598
23540	306.3834
23550	301.0839
23560	306.3083
23570	311.4981
23580	301.6425
23590	308.0131
23600	306.0390
23610	305.1432
23620	307.5178
23630	302.4881
23640	303.8153
23650	305.7488
23660	303.0699
23670	304.0023
23680	299.9084
23690	305.6758
23700	305.0688
23710	309.1822
23720	308.3302
23730	312.5492
23740	308.0141
23750	310.0179
23760	307.2505
23770	302.9327
23780	309.6125
23790	308.3817
23800	307.8240
23810	308.5775
23820	311.5218
23830	308.4204
23840	309.6710
23850	309.2578
23860	311.0100
23870	308.9873
23880	310.0943
23890	314.5837
23900	312.7633
23910	313.2453
23920	309.4309
23930	310.3373
23940	312.2551
23950	312.9677
23960	308.7209
23970	303.5643
23980	306.3496
23990	303.8907
24000	313.2926
24010	307.0213
24020	316.7024
24030	312.2527
24040	303.5298
24050	304.4518
24060	306.0909
24070	300.4346
24080	305.8501
24090	306.6999
24100	305.6602
24110	313.1862
24120	312.1607
24130	310.4204
24140	303.9869
24150	307.5792
24160	305.5045
24170	303.5054
24180	305.0644
24190	306.3751
24200	305.5997
24210	306.1760
24220	308.4550
24230	305.3869
24240	307.5801
24250	308.9410
24260	308.8603
24270	306.7664
24280	306.2591
24290	304.3201
24300	306.5369
24310	310.4857
24320	304.1796
24330	313.8254
24340	314.8399
24350	308.1893
24360	307.7307
24370	310.6387
24380	311.5651
24390	307.7955
24400	308.2228
24410	309.4494
24420	310.2237
24430	311.7085
24440	307.6029
24450	309.7561
24460	309.0820
24470	314.0324
24480	309.1190
24490	308.3253
24500	307.6281
24510	304.9229
24520	300.5620
24530	305.6176
24540	305.5823
24550	306.8703
24560	309.1695
24570	309.3743
24580	304.9813
24590	306.4819
24600	310.3949
24610	302.7238
24620	306.6923
24630	308.6271
24640	308.0387
24650	310.9169
24660	306.6774
24670	311.3470
24680	314.3555
24690	307.7732
24700	309.4975
24710	310.2338
24720	308.1330
24730	305.1939
24740	309.9152
24750	312.8127
24760	308.7855
24770	306.9066
24780	305.8381
24790	310.5949
24800	305.7147
24810	310.3587
24820	308.4380
24830	309.7647
24840	303.0021
24850	311.9701
24860	306.3754
24870	310.7054
24880	307.8660
24890	305.7698
24900	305.7173
24910	305.5890
24920	309.5988
24930	310.5418
24940	304.2430
24950	308.4091
24960	308.1424
24970	309.2293
24980	309.2764
24990	310.2704
25000	306.9191
25010	309.3319
25020	307.4295
25030	311.8723
25040	307.4968
25050	310.6314
25060	307.7487
25070	304.5671
25080	306.0354
25090	305.7131
25100	302.3526
25110	306.7919
25120	306.4948
25130	309.6951
25140	304.2659
25150	312.9812
25160	307.0540
25170	312.3212
25180	310.7460
25190	307.9391
25200	314.1973
25210	312.8663
25220	311.5210
25230	309.3251
25240	313.8130
25250	309.4395
25260	315.6609
25270	308.7207
25280	307.7361
25290	308.8906
25300	306.3241
25310	311.0862
25320	303.3663
25330	308.0312
25340	308.7735
25350	309.1567
25360	308.3529
25370	310.0442
25380	311.5300
25390	309.1224
25400	305.2983
25410	308.7032
25420	302.1214
25430	306.1402
25440	307.7370
25450	307.1040
25460	304.3228
25470	305.8693
25480	306.5836
25490	302.1071
25500	305.5158
25510	306.7199
25520	304.2842
25530	301.4149
25540	298.5971
25550	307.3506
25560	308.3447
25570	307.1422
25580	304.0506
25590	306.4424
25600	304.9790
25610	301.8687
25620	305.3183
25630	304.4523
25640	305.7224
25650	309.5143
25660	308.3370
25670	310.4675
25680	302.5939
25690	308.8280
25700	304.0433
25710	308.4485
25720	307.1019
25730	300.5138
25740	310.3362
25750	311.2224
25760	310.8093
25770	309.2138
25780	314.5073
25790	310.9335
25800	306.2087
25810	304.1180
25820	302.9544
25830	307.7731
25840	306.2961
25850	312.4501
25860	305.7744
25870	307.3523
25880	305.1090
25890	305.4366
25900	305.4469
25910	309.1505
25920	311.0124
25930	309.6067
25940	309.7170
25950	309.4475
25960	305.5230
25970	307.2563
25980	310.2379
25990	306.3732
26000	306.1647
26010	303.0861
26020	310.9359
26030	306.8554
26040	303.5344
26050	304.3053
26060	305.7365
26070	308.4770
26080	305.7668
26090	311.7859
26100	305.0561
26110	310.8142
26120	305.8947
26130	305.5566
26140	305.8096
26150	306.4704
26160	300.3520
26170	306.9415
26180	305.1677
26190	302.1547
26200	307.9956
26210	301.9277
26220	301.1265
26230	304.7873
26240	300.9241
26250	304.1482
26260	308.1744
26270	308.1973
26280	303.8426
26290	303.2425
26300	302.2158
26310	303.6244
26320	304.2285
26330	304.2891
26340	311.5666
26350	307.7408
26360	311.8341
26370	308.4911
26380	303.8412
26390	303.6166
26400	305.2238
26410	305.3165
26420	306.0630
26430	308.1884
26440	303.3906
26450	309.7436
26460	306.6635
26470	306.6432
26480	304.2402
26490	304.9044
26500	306.4514
26510	304.8221
26520	306.1752
26530	308.5490
26540	311.2716
26550	305.3696
26560	305.4583
26570	305.4821
26580	303.9401
26590	302.6905
26600	303.8693
26610	305.0947
26620	301.3564
26630	302.9542
26640	307.1300
26650	306.8417
26660	303.1327
26670	302.0737
26680	299.5950
26690	305.3940
26700	306.5713
26710	303.8179
26720	307.9767
26730	307.6113
26740	306.7279
26750	303.2598
26760	302.9917
26770	302.7567
26780	301.3603
26790	300.1525
26800	303.6707
26810	303.5826
26820	306.4662
26830	302.2652
26840	298.8651
26850	302.8881
26860	301.6032
26870	303.3973
26880	305.4194
26890	302.2104
26900	308.5625
26910	302.1714
26920	308.5779
26930	303.6072
26940	302.5701
26950	299.0878
26960	305.1278
26970	304.1136
26980	300.8903
26990	304.3077
27000	305.9238
27010	305.6200
27020	306.7134
27030	307.5359
27040	308.7924
27050	308.0993
27060	309.4831
27070	305.4661
27080	307.5530
27090	303.0543
27100	302.9105
27110	306.1137
27120	306.3727
27130	309.8395
27140	306.8886
27150	305.8557
27160	309.7352
27170	304.2884
27180	302.1748
27190	305.2775
27200	305.0307
27210	307.5422
27220	304.8534
27230	305.9333
27240	306.5065
27250	303.7495
27260	308.3709
27270	307.2674
27280	303.1559
27290	303.7856
27300	306.4800
27310	301.9692
27320	309.1358
27330	307.7206
27340	308.2181
27350	305.8907
27360	306.7410
27370	306.8912
27380	306.3837
27390	300.1788
27400	308.4527
27410	307.8625
27420	304.7731
27430	313.5080
27440	307.7964
27450	305.1422
27460	308.5367
27470	308.8026
27480	306.5922
27490	309.0407
27500	304.4512
27510	306.1735
27520	307.9327
27530	305.1830
27540	304.3634
27550	306.3683
27560	310.3533
27570	309.3066
27580	309.3304
27590	307.0148
27600	304.2659
27610	309.1663
27620	311.4563
27630	309.6994
27640	309.5004
27650	307.7500
27660	306.6355
27670	309.8726
27680	313.0264
27690	309.3580
27700	309.9240
27710	310.3087
27720	308.3326
27730	310.7373
27740	302.6350
27750	306.4402
27760	309.1117
27770	307.1653
27780	307.1163
27790	306.3230
27800	305.7014
27810	305.5042
27820	315.6520
27830	311.6951
27840	307.4937
27850	309.7602
27860	309.0669
27870	311.7871
27880	308.5978
27890	304.7110
27900	309.1850
27910	304.3668
27920	310.3016
27930	310.5406
27940	307.9131
27950	307.0111
27960	309.0783
27970	304.2999
27980	306.2750
27990	304.8297
28000	302.0405
28010	308.3979
28020	307.5560
28030	305.5139
28040	309.4757
28050	305.4340
28060	302.0660
28070	307.3639
28080	306.4684
28090	304.9395
28100	304.4592
28110	307.2858
28120	305.9181
28130	308.0278
28140	310.6277
28150	306.9361
28160	309.6676
28170	306.4035
28180	311.9590
28190	313.2523
28200	305.4495
28210	312.0232
28220	308.3921
28230	305.0466
28240	309.1629
28250	310.1125
28260	310.1786
28270	310.3291
28280	308.8952
28290	309.5208
28300	308.0961
28310	306.6548
28320	311.8958
28330	305.8367
28340	308.2670
28350	306.3345
28360	307.1705
28370	302.5405
28380	305.8862
28390	304.0541
28400	304.8434
28410	304.1272
28420	305.8301
28430	308.5607
28440	307.2118
28450	309.2769
28460	309.9948
28470	311.7677
28480	314.4454
28490	309.5093
28500	312.7057
28510	307.4344
28520	311.9971
28530	309.6066
28540	313.4285
28550	306.4158
28560	306.2509
28570	303.9551
28580	299.2875
28590	307.3796
28600	305.5464
28610	300.3776
28620	306.1125
28630	308.0683
28640	312.0275
28650	310.0950
28660	306.8207
28670	305.1923
28680	304.8853
28690	308.4575
28700	308.6090
28710	306.9691
28720	313.6284
28730	307.4396
28740	311.9920
28750	308.3302
28760	306.7268
28770	304.8725
28780	302.5448
28790	302.1222
28800	306.3640
28810	304.5483
28820	310.5335
28830	308.9260
28840	309.6346
28850	305.6500
28860	308.3492
28870	307.9216
28880	306.5671
28890	305.3988
28900	307.5777
28910	309.6186
28920	311.5134
28930	310.7725
28940	309.9850
28950	308.9039
28960	306.0079
28970	310.3238
28980	314.0352
28990	302.0533
29000	305.3937
29010	309.8899
29020	311.9180
29030	305.2422
29040	305.7680
29050	311.3011
29060	304.8919
29070	307.5317
29080	308.5330
29090	304.5558
29100	302.6941
29110	308.4061
29120	307.6855
29130	305.9633
29140	308.8066
29150	305.8653
29160	308.2787
29170	307.4802
29180	305.9996
29190	305.6853
29200	306.6682
29210	305.9562
29220	307.0652
29230	310.9155
29240	304.8991
29250	304.0382
29260	310.1031
29270	305.6885
29280	306.9669
29290	308.2732
29300	308.7493
29310	309.1701
29320	306.7165
29330	311.4169
29340	309.0625
29350	307.5082
29360	306.8411
29370	315.8241
29380	305.0669
29390	311.8168
29400	311.7493
29410	304.1844
29420	308.0550
29430	319.2390
29440	315.4424
29450	313.8350
29460	309.1981
29470	310.2975
29480	312.4626
29490	306.2197
29500	311.3508
29510	315.4218
29520	311.9875
29530	317.9340
29540	314.7924
29550	312.7096
29560	311.5687
29570	313.8064
29580	310.0417
29590	310.6382
29600	310.8663
29610	307.2517
29620	308.8252
29630	307.3283
29640	305.6471
29650	306.3427
29660	309.4102
29670	303.9678
29680	305.0241
29690	309.6249
29700	312.0991
29710	302.5322
29720	306.7427
29730	309.4405
29740	300.9863
29750	303.4260
29760	305.6367
29770	306.0424
29780	311.6936
29790	305.4963
29800	309.1305
29810	311.2796
29820	307.1770
29830	304.2973
29840	313.2797
29850	309.8590
29860	313.0377
29870	312.4719
29880	311.1815
29890	309.0049
29900	305.1759
29910	309.5819
29920	309.2798
29930	312.5520
29940	311.0918
29950	311.8598
29960	313.6586
29970	312.6443
29980	313.7691
29990	311.2033
30000	311.3303
30010	313.4200
30020	307.9292
30030	306.1455
30040	310.3481
30050	311.0288
30060	307.5709
30070	309.8714
30080	308.0321
30090	310.2822
30100	312.3453
30110	306.7822
30120	314.1045
30130	312.2395
30140	315.4927
30150	310.8144
30160	311.0499
30170	314.8424
30180	313.4612
30190	310.2061
30200	314.8409
30210	318.4280
30220	311.3534
30230	313.2948
30240	312.3664
30250	308.0476
30260	313.9047
30270	311.1122
30280	310.5544
30290	308.3071
30300	310.6852
30310	313.5524
30320	309.7688
30330	309.6033
30340	313.1556
30350	312.0553
30360	311.5631
30370	312.5963
30380	307.1306
30390	309.9379
30400	308.3546
30410	308.7611
30420	308.0950
30430	304.8351
30440	302.8512
30450	305.2832
30460	308.8693
30470	306.9837
30480	310.6554
30490	311.4884
30500	313.0697
30510	310.4416
30520	309.7485
30530	309.1800
30540	306.1976
30550	310.6290
30560	309.2371
30570	309.8691
30580	310.6962
30590	308.4064
30600	306.4347
30610	312.9863
30620	313.8211
30630	308.8575
30640	311.3803
30650	311.9507
30660	306.8195
30670	308.5096
30680	310.9512
30690	310.5221
30700	306.6741
30710	314.0387
30720	313.8784
30730	309.4265
30740	307.8733
30750	306.2549
30760	310.1071
30770	312.1862
30780	313.0146
30790	311.3456
30800	313.1406
30810	311.5587
30820	311.4595
30830	311.1309
30840	312.5815
30850	312.3824
30860	314.1096
30870	311.8988
30880	314.9586
30890	315.0281
30900	309.8136
30910	309.3935
30920	307.8916
30930	314.8196
30940	306.2669
30950	308.5879
30960	314.1783
30970	315.5064
30980	311.5487
30990	316.7519
31000	318.1156
31010	314.0673
31020	311.5215
31030	309.8312
31040	309.9404
31050	314.7197
31060	307.4757
31070	312.5446
31080	306.2575
31090	309.0768
31100	310.6765
31110	311.0445
31120	304.6161
31130	306.8717
31140	307.8192
31150	307.7596
31160	310.9044
31170	304.8520
31180	302.0666
31190	315.1016
31200	307.0372
31210	305.5259
31220	310.2128
31230	308.0121
31240	308.8641
31250	307.2007
31260	311.5959
31270	307.5591
31280	305.4529
31290	310.1233
31300	307.2642
31310	307.0759
31320	305.1684
31330	308.5049
31340	308.4574
31350	304.4751
31360	300.5010
31370	304.1233
31380	306.4007
31390	310.1080
31400	305.2116
31410	312.2470
31420	307.6110
31430	307.9744
31440	314.9548
31450	308.3864
31460	306.8154
31470	308.4599
31480	308.9774
31490	309.8861
31500	308.2034
31510	315.4743
31520	313.1974
31530	308.5202
31540	308.2570
31550	305.1085
31560	310.0882
31570	312.5369
31580	312.3995
31590	312.1945
31600	303.6824
31610	307.3740
31620	306.0433
31630	308.9081
31640	306.6403
31650	313.2571
31660	307.4387
31670	313.2066
31680	309.1705
31690	307.1534
31700	306.1722
31710	306.6875
31720	314.0779
31730	311.7951
31740	307.4015
31750	314.1593
31760	311.3022
31770	314.1450
31780	309.6236
31790	310.9351
31800	311.0855
31810	311.6545
31820	313.3874
31830	310.5851
31840	310.7065
31850	306.6502
31860	312.2489
31870	312.4932
31880	310.3195
31890	315.5908
31900	306.6883
31910	313.4018
31920	315.0980
31930	312.7059
31940	313.8354
31950	311.7304
31960	311.9347
31970	314.3633
31980	308.0056
31990	312.5978
32000	309.6624
32010	311.0649
32020	312.3307
32030	313.8818
32040	309.0849
32050	315.8992
32060	317.4977
32070	312.9291
32080	314.2532
32090	313.5584
32100	312.3576
32110	311.3631
32120	314.0793
32130	312.1888
32140	314.4608
32150	314.6119
32160	314.7179
32170	313.2491
32180	315.0068
32190	316.2335
32200	305.7949
32210	312.7591
32220	307.9556
32230	310.0454
32240	309.2823
32250	314.1668
32260	312.6885
32270	312.1936
32280	309.5075
32290	308.5719
32300	313.3341
32310	311.6400
32320	311.7064
32330	316.7043
32340	312.0869
32350	311.8275
32360	312.3237
32370	314.0631
32380	314.7357
32390	310.3936
32400	312.4292
32410	312.2331
32420	307.5314
32430	307.5562
32440	311.0308
32450	305.4365
32460	310.5609
32470	312.8467
32480	315.7184
32490	310.3065
32500	314.3338
32510	316.3148
32520	310.4293
32530	316.3321
32540	314.3931
32550	319.8803
32560	318.6862
32570	312.9430
32580	317.0936
32590	316.5053
32600	314.9992
32610	314.7012
32620	315.0718
32630	314.5618
32640	317.8661
32650	314.2457
32660	319.3810
32670	317.8689
32680	316.4678
32690	307.0922
32700	311.3907
32710	307.1271
32720	313.2405
32730	316.8751
32740	310.2607
32750	312.9235
32760	311.0035
32770	311.8136
32780	312.9899
32790	313.8130
32800	311.6074
32810	314.4741
32820	315.2853
32830	316.5734
32840	316.6642
32850	315.7888
32860	312.0052
32870	315.5000
32880	316.7697
32890	313.3081
32900	308.0981
32910	309.9669
32920	313.9346
32930	309.3508
32940	309.7390
32950	311.4675
32960	312.8223
32970	312.7229
32980	314.2782
32990	315.8940
33000	311.9353
33010	316.2494
33020	314.3500
33030	314.9455
33040	311.2644
33050	312.3182
33060	312.9264
33070	313.8260
33080	311.7379
33090	310.0879
33100	310.8978
33110	315.2393
33120	313.5571
33130	311.4167
33140	316.2486
33150	314.8247
33160	309.7178
33170	317.1441
33180	313.3753
33190	315.5742
33200	317.7086
33210	312.7182
33220	315.4900
33230	315.4063
33240	313.9887
33250	311.1152
33260	312.9293
33270	312.1389
33280	308.5303
33290	310.7662
33300	306.1883
33310	316.0580
33320	312.3713
33330	313.5997
33340	313.3881
33350	315.5421
33360	308.6628
33370	315.6246
33380	313.7410
33390	311.6792
33400	309.8842
33410	313.4816
33420	309.6497
33430	309.8668
33440	310.9008
33450	310.6680
33460	310.1139
33470	306.8718
33480	312.2248
33490	311.3758
33500	311.8526
33510	310.6469
33520	309.0504
33530	313.6687
33540	311.8669
33550	310.9392
33560	306.3167
33570	306.6974
33580	311.1082
33590	310.8864
33600	311.0356
33610	311.8653
33620	312.9999
33630	318.6506
33640	312.9685
33650	316.5651
33660	313.6619
33670	312.7508
33680	311.9170
33690	312.1696
33700	313.1139
33710	315.5444
33720	313.9862
33730	317.6375
33740	318.8963
33750	319.2764
33760	314.0782
33770	308.6187
33780	312.3389
33790	315.1719
33800	309.6169
33810	314.5888
33820	314.2518
33830	321.3912
33840	315.0423
33850	317.6045
33860	313.4636
33870	312.0927
33880	315.3890
33890	311.9599
33900	310.6220
33910	315.0251
33920	314.6242
33930	316.0020
33940	316.9119
33950	314.8864
33960	311.8680
33970	311.9121
33980	313.4786
33990	312.9378
34000	312.5151
34010	314.4420
34020	311.9634
34030	314.5776
34040	309.8454
34050	315.9607
34060	311.0005
34070	315.1568
34080	317.1322
34090	317.3371
34100	314.6883
34110	311.3340
34120	312.4356
34130	304.7938
34140	312.5715
34150	308.0407
34160	310.3675
34170	313.0253
34180	312.9613
34190	313.7622
34200	311.2899
34210	311.5788
34220	311.6972
34230	316.0277
34240	314.1159
34250	309.6889
34260	311.9727
34270	310.3105
34280	311.6992
34290	310.4043
34300	311.7153
34310	312.6762
34320	310.4920
34330	311.4747
34340	312.6071
34350	311.7925
34360	308.4306
34370	312.7610
34380	305.1123
34390	312.9947
34400	310.2247
34410	308.5498
34420	310.9001
34430	313.0582
34440	310.5372
34450	312.3565
34460	314.2391
34470	313.2319
34480	314.1899
34490	312.1419
34500	310.2968
34510	305.0784
34520	312.7488
34530	308.7717
34540	308.9416
34550	316.1054
34560	303.5442
34570	311.9220
34580	308.6895
34590	309.5414
34600	309.1368
34610	311.4537
34620	312.6576
34630	311.4029
34640	307.9879
34650	313.1926
34660	313.8829
34670	313.2861
34680	308.5961
34690	306.5296
34700	309.7809
34710	305.5782
34720	309.5581
34730	308.6981
34740	309.3456
34750	312.0736
34760	312.8715
34770	308.8527
34780	311.2923
34790	309.4180
34800	309.5577
34810	311.7352
34820	307.1074
34830	303.5778
34840	311.1836
34850	307.8657
34860	308.8757
34870	307.8126
34880	309.0271
34890	312.2593
34900	313.1596
34910	310.6918
34920	307.1162
34930	312.5249
34940	309.3274
34950	304.9306
34960	308.6742
34970	308.6944
34980	307.3580
34990	306.5009
35000	307.7612
35010	309.2475
35020	306.2490
35030	306.3703
35040	312.1716
35050	311.9863
35060	309.6249
35070	310.0803
35080	306.0629
35090	307.8418
35100	312.4198
35110	312.7959
35120	308.7244
35130	312.2097
35140	312.2567
35150	311.5770
35160	313.3089
35170	317.1573
35180	308.0219
35190	311.1154
35200	316.6587
35210	307.6469
35220	308.9216
35230	310.4247
35240	310.1092
35250	308.2681
35260	309.9533
35270	310.1443
35280	302.4826
35290	314.9431
35300	309.0242
35310	307.3464
35320	308.0852
35330	309.2516
35340	308.9202
35350	300.6530
35360	302.8820
35370	304.0421
35380	311.2898
35390	307.2224
35400	311.1382
35410	305.0655
35420	303.7405
35430	307.4808
35440	306.3268
35450	304.5869
35460	303.9978
35470	303.7621
35480	304.2807
35490	307.8385
35500	304.9548
35510	306.4061
35520	305.0172
35530	307.0535
35540	295.5444
35550	303.9724
35560	304.3291
35570	307.1216
35580	299.8306
35590	304.4860
35600	306.8138
35610	306.7332
35620	306.1545
35630	305.4479
35640	303.5738
35650	309.3833
35660	307.8917
35670	305.2348
35680	307.0443
35690	308.0430
35700	305.3190
35710	305.8886
35720	301.7271
35730	304.0220
35740	305.6977
35750	303.3833
35760	309.5617
35770	308.0085
35780	306.3987
35790	310.1086
35800	308.1635
35810	308.3232
35820	301.9164
35830	303.8125
35840	305.0944
35850	303.3003
35860	302.2628
35870	298.8480
35880	300.7712
35890	304.1734
35900	304.1891
35910	304.1929
35920	300.9557
35930	300.0845
35940	302.8779
35950	306.1299
35960	308.6805
35970	306.4329
35980	302.4272
35990	306.1834
36000	305.2716
36010	307.3526
36020	305.0496
36030	302.5752
36040	306.1933
36050	304.2979
36060	307.3903
36070	305.3109
36080	305.7862
36090	302.2457
36100	303.6094
36110	305.7309
36120	307.6373
36130	308.4183
36140	310.0591
36150	309.6071
36160	302.8773
36170	307.8686
36180	303.7106
36190	299.4988
36200	304.0781
36210	306.1582
36220	300.3073
36230	305.0535
36240	304.7912
36250	300.2718
36260	310.7120
36270	302.4674
36280	301.3373
36290	305.4325
36300	310.6450
36310	305.7018
36320	304.9317
36330	308.3352
36340	304.6424
36350	302.1873
36360	300.1329
36370	309.1478
36380	305.6200
36390	304.8779
36400	308.1029
36410	312.0741
36420	311.2012
36430	303.0414
36440	304.1793
36450	308.6340
36460	307.4297
36470	310.5446
36480	305.6138
36490	309.1586
36500	311.7299
36510	310.2600
36520	309.5604
36530	309.4599
36540	309.5955
36550	310.0905
36560	309.6623
36570	308.0021
36580	313.0190
36590	305.3593
36600	310.4296
36610	311.7222
36620	311.4770
36630	313.7587
36640	308.9516
36650	308.4453
36660	304.9575
36670	309.8826
36680	307.4608
36690	305.9157
36700	310.0666
36710	310.2274
36720	309.4306
36730	314.8092
36740	311.2730
36750	312.3045
36760	309.3044
36770	312.2702
36780	307.9902
36790	311.1428
36800	301.6043
36810	307.8865
36820	307.7899
36830	306.9686
36840	307.7223
36850	306.9056
36860	312.8806
36870	306.2571
36880	309.9962
36890	308.6180
36900	311.7243
36910	308.5692
36920	309.3998
36930	310.5290
36940	309.9187
36950	310.0165
36960	309.1519
36970	309.9260
36980	304.7283
36990	306.9258
37000	308.6634
37010	310.4069
37020	311.5601
37030	308.9826
37040	308.0148
37050	306.7991
37060	309.1883
37070	303.7994
37080	307.7250
37090	303.0124
37100	307.6672
37110	306.1805
37120	305.4785
37130	306.9927
37140	308.9543
37150	307.5613
37160	309.7082
37170	305.6117
37180	309.0171
37190	309.7891
37200	309.6936
37210	312.4449
37220	308.9798
37230	309.6875
37240	305.3904
37250	303.2699
37260	302.3131
37270	303.2347
37280	305.5756
37290	306.1823
37300	307.8399
37310	306.6183
37320	309.6541
37330	310.6633
37340	302.5647
37350	308.9144
37360	306.6199
37370	310.3251
37380	304.2402
37390	307.8979
37400	306.0966
37410	308.8909
37420	307.8151
37430	308.5734
37440	310.1480
37450	307.4445
37460	308.7330
37470	304.5693
37480	307.8228
37490	305.7617
37500	309.2856
37510	310.9837
37520	307.9085
37530	311.7748
37540	311.6553
37550	307.0107
37560	311.9292
37570	308.1567
37580	309.1453
37590	310.7098
37600	309.4639
37610	306.5468
37620	310.3938
37630	306.4666
37640	304.7098
37650	308.1992
37660	307.9831
37670	310.1229
37680	311.6752
37690	307.0557
37700	306.8034
37710	307.5567
37720	312.0954
37730	308.8566
37740	310.0821
37750	309.4148
37760	312.0512
37770	307.0095
37780	303.0467
37790	311.9435
37800	312.4502
37810	313.3253
37820	308.5289
37830	309.1054
37840	305.0465
37850	303.6091
37860	305.2826
37870	305.6373
37880	304.7536
37890	304.1072
37900	305.6056
37910	309.7641
37920	304.2941
37930	310.2254
37940	304.7670
37950	305.5410
37960	309.7144
37970	302.7155
37980	311.1121
37990	308.2409
38000	309.7682
38010	311.2115
38020	311.3355
38030	310.4467
38040	313.9003
38050	310.4492
38060	309.6398
38070	312.3910
38080	314.2662
38090	309.3866
38100	309.9189
38110	308.0087
38120	310.7288
38130	306.0748
38140	309.4598
38150	306.6767
38160	307.9735
38170	307.4471
38180	306.5012
38190	305.4165
38200	309.7976
38210	303.5393
38220	310.5273
38230	301.5826
38240	309.3529
38250	309.2144
38260	303.8899
38270	308.8639
38280	311.0233
38290	308.1244
38300	309.0303
38310	310.3737
38320	313.2367
38330	310.4416
38340	313.8990
38350	310.4672
38360	306.8698
38370	310.7079
38380	305.1769
38390	304.7364
38400	302.1602
38410	309.1441
38420	309.3045
38430	310.4114
38440	311.1554
38450	307.4125
38460	312.1187
38470	307.8176
38480	308.2760
38490	313.4498
38500	309.4685
38510	313.1474
38520	307.9145
38530	310.2862
38540	310.7761
38550	314.4008
38560	311.4774
38570	307.0022
38580	310.3617
38590	310.1584
38600	312.7121
38610	309.9893
38620	310.1390
38630	311.7576
38640	312.0413
38650	308.1171
38660	313.2874
38670	309.1628
38680	307.7179
38690	310.6542
38700	306.6810
38710	308.0664
38720	307.4609
38730	301.4179
38740	307.3736
38750	302.6114
38760	304.8744
38770	308.6251
38780	309.6154
38790	307.7377
38800	307.0501
38810	309.5587
38820	308.2536
38830	312.1924
38840	308.4593
38850	313.6122
38860	313.2905
38870	304.4935
38880	311.2018
38890	307.5006
38900	310.9355
38910	307.6124
38920	312.4871
38930	310.2262
38940	307.4117
38950	306.9302
38960	312.8263
38970	309.9679
38980	311.8206
38990	312.0440
39000	311.4222
39010	314.3208
39020	311.4044
39030	306.8642
39040	304.3543
39050	313.8146
39060	309.6630
39070	313.8256
39080	306.2390
39090	308.9511
39100	314.1303
39110	306.9675
39120	313.7542
39130	309.6553
39140	309.6708
39150	304.3205
39160	306.5634
39170	306.1551
39180	306.7612
39190	306.4849
39200	308.4114
39210	308.0031
39220	313.4675
39230	309.6476
39240	307.5394
39250	306.2719
39260	306.1763
39270	302.6840
39280	311.4566
39290	308.2399
39300	310.8722
39310	310.3848
39320	305.9335
39330	312.0561
39340	307.5223
39350	304.3720
39360	308.8694
39370	308.1291
39380	304.5851
39390	305.8097
39400	312.7225
39410	308.6868
39420	314.1501
39430	310.0691
39440	312.9880
39450	306.4877
39460	309.9701
39470	310.7420
39480	310.6865
39490	308.8424
39500	303.8302
39510	313.5974
39520	305.3393
39530	305.1264
39540	307.8076
39550	304.6499
39560	308.1789
39570	304.7087
39580	309.7441
39590	310.4136
39600	306.2699
39610	310.7490
39620	309.5705
39630	316.7680
39640	308.2711
39650	308.6892
39660	311.0028
39670	305.4563
39680	306.5758
39690	306.3348
39700	305.6118
39710	304.2274
39720	306.8562
39730	304.9370
39740	310.8681
39750	301.6338
39760	305.8701
39770	304.7114
39780	311.6868
39790	305.0887
39800	305.4571
39810	301.5894
39820	307.9639
39830	303.8110
39840	305.2560
39850	310.4541
39860	307.0297
39870	308.2923
39880	308.0092
39890	306.5100
39900	308.5173
39910	307.1084
39920	309.1918
39930	302.1428
39940	306.8848
39950	308.6835
39960	305.6757
39970	312.2175
39980	309.3653
39990	303.9166
40000	304.8256
40010	312.8592
40020	314.1818
40030	308.7059
40040	308.8541
40050	313.3306
40060	305.0544
40070	307.1517
40080	305.6245
40090	308.0016
40100	307.7857
40110	305.0705
40120	308.7182
40130	301.6931
40140	309.2307
40150	309.6147
40160	314.8064
40170	310.4764
40180	305.8095
40190	309.8063
40200	304.8915
40210	308.7058
40220	304.9160
40230	311.2789
40240	305.6426
40250	309.9449
40260	308.4332
40270	305.5814
40280	308.4666
40290	306.2145
40300	304.8242
40310	305.0966
40320	300.4409
40330	311.9494
40340	305.4229
40350	313.7468
40360	307.7876
40370	306.1614
40380	305.4966
40390	305.6715
40400	306.3469
40410	307.8848
40420	306.3352
40430	308.6661
40440	312.6027
40450	305.6404
40460	308.5351
40470	311.1304
40480	311.1985
40490	306.7691
40500	310.8335
40510	310.1999
40520	309.9679
40530	311.5226
40540	309.8976
40550	306.6822
40560	308.7437
40570	305.4216
40580	306.9915
40590	307.4965
40600	310.9094
40610	307.1427
40620	306.9289
40630	306.8891
40640	304.7158
40650	304.5854
40660	303.2295
40670	298.0712
40680	306.3501
40690	306.4740
40700	309.9239
40710	302.8770
40720	310.2578
40730	308.7567
40740	306.7327
40750	309.6395
40760	304.1538
40770	303.9238
40780	305.6175
40790	307.7852
40800	302.6458
40810	306.2994
40820	307.0403
40830	304.6331
40840	301.4560
40850	306.5818
40860	307.2727
40870	305.4407
40880	306.3788
40890	305.3071
40900	310.2113
40910	307.1022
40920	304.6998
40930	305.8543
40940	310.5977
40950	306.7239
40960	306.3265
40970	303.1208
40980	305.3242
40990	312.0120
41000	299.4637
41010	305.0564
41020	307.2128
41030	302.4414
41040	307.9231
41050	306.5997
41060	306.5704
41070	306.8559
41080	306.4004
41090	312.9899
41100	305.7580
41110	307.8975
41120	311.2289
41130	306.6044
41140	312.1542
41150	306.1287
41160	311.5749
41170	307.0562
41180	308.5287
41190	305.5610
41200	303.3762
41210	307.5408
41220	309.5483
41230	305.0259
41240	308.9808
41250	307.0853
41260	308.5428
41270	311.2705
41280	310.9307
41290	308.2459
41300	307.1872
41310	307.7913
41320	307.0013
41330	307.5163
41340	308.3938
41350	310.0574
41360	307.9928
41370	303.7467
41380	309.4169
41390	315.0347
41400	316.3436
41410	302.3930
41420	314.8286
41430	312.9058
41440	308.2067
41450	307.0404
41460	311.7531
41470	305.5502
41480	305.5503
41490	313.5049
41500	314.2145
41510	312.8391
41520	307.4136
41530	304.3391
41540	310.0768
41550	309.0510
41560	312.2407
41570	308.6990
41580	310.4653
41590	305.5014
41600	307.4157
41610	307.2962
41620	307.3157
41630	304.4257
41640	309.3811
41650	307.7977
41660	311.7489
41670	309.4471
41680	308.1095
41690	311.1806
41700	318.5442
41710	311.1509
41720	306.6727
41730	310.5270
41740	311.3015
41750	307.9372
41760	304.1175
41770	307.4208
41780	310.1566
41790	301.9004
41800	307.4735
41810	305.6876
41820	307.1741
41830	310.8663
41840	305.7792
41850	308.9535
41860	308.2215
41870	309.2305
41880	308.3646
41890	314.1677
41900	311.4996
41910	307.3348
41920	312.6602
41930	311.6829
41940	317.5361
41950	310.7365
41960	314.4034
41970	308.1715
41980	308.6506
41990	312.8086
42000	312.5312
42010	308.9486
42020	318.1753
42030	315.2548
42040	307.3284
42050	308.2617
42060	310.2633
42070	311.3820
42080	307.5171
42090	305.2770
42100	310.8021
42110	308.5789
42120	308.0789
42130	303.8981
42140	306.0829
42150	305.5144
42160	307.7683
42170	308.7289
42180	305.4852
42190	305.9974
42200	307.0726
42210	312.2571
42220	309.8851
42230	308.3633
42240	306.2168
42250	306.2324
42260	305.6613
42270	308.8075
42280	305.4421
42290	309.0466
42300	309.7652
42310	311.7447
42320	310.2666
42330	314.3016
42340	307.2617
42350	309.6394
42360	304.7666
42370	305.7860
42380	307.1548
42390	307.6438
42400	308.2786
42410	305.4661
42420	312.4232
42430	307.9626
42440	309.0676
42450	303.7729
42460	309.3614
42470	305.7279
42480	310.9959
42490	309.7864
42500	308.8757
42510	315.4334
42520	308.1426
42530	311.5562
42540	310.1417
42550	306.0251
42560	313.7695
42570	311.3861
42580	303.7509
42590	310.7565
42600	308.7733
42610	311.3386
42620	306.1417
42630	306.3654
42640	307.5542
42650	307.5674
42660	307.8511
42670	307.3787
42680	311.2085
42690	303.3779
42700	313.2191
42710	308.5586
42720	308.4036
42730	308.6553
42740	311.0886
42750	308.3955
42760	309.3048
42770	311.2030
42780	308.4975
42790	307.0557
42800	311.6816
42810	311.5642
42820	309.7859
42830	310.4567
42840	308.7790
42850	303.3141
42860	305.7822
42870	304.9773
42880	307.1555
42890	311.0370
42900	313.5615
42910	306.8081
42920	302.9292
42930	309.2720
42940	315.4680
42950	310.3704
42960	306.8086
42970	308.4942
42980	310.7611
42990	312.2197
43000	309.1537
43010	309.4573
43020	309.0487
43030	309.3916
43040	308.3470
43050	311.9226
43060	309.5224
43070	303.5707
43080	309.9160
43090	306.0659
43100	311.5741
43110	310.5148
43120	307.6296
43130	311.9705
43140	311.3761
43150	307.3963
43160	308.9782
43170	308.8097
43180	311.1547
43190	313.1350
43200	305.9980
43210	307.5119
43220	307.6243
43230	310.0403
43240	305.2664
43250	304.9216
43260	307.6201
43270	305.5163
43280	308.2285
43290	305.4804
43300	311.0378
43310	307.3807
43320	307.2590
43330	312.8408
43340	307.8141
43350	312.8833
43360	304.8505
43370	305.0605
43380	304.8545
43390	304.3761
43400	311.9691
43410	309.2651
43420	309.3118
43430	305.0231
43440	307.9944
43450	306.3042
43460	311.5404
43470	307.9072
43480	306.3154
43490	308.1805
43500	313.1954
43510	305.3572
43520	304.4092
43530	303.1458
43540	308.2546
43550	308.3623
43560	306.8285
43570	306.5476
43580	310.8660
43590	306.5256
43600	308.6161
43610	307.8179
43620	313.4096
43630	308.1704
43640	304.5122
43650	312.0439
43660	306.5433
43670	305.2641
43680	309.8343
43690	308.6408
43700	307.8904
43710	312.3085
43720	303.9321
43730	308.7131
43740	309.9159
43750	306.3749
43760	305.4950
43770	303.7001
43780	307.7110
43790	306.1232
43800	312.5902
43810	309.6284
43820	309.1219
43830	304.3411
43840	310.8316
43850	310.3867
43860	308.5472
43870	308.1312
43880	313.5960
43890	306.6927
43900	310.9390
43910	301.7984
43920	310.1840
43930	310.0412
43940	307.3507
43950	310.4687
43960	303.6786
43970	308.5825
43980	310.5883
43990	303.2489
44000	302.8183
44010	307.9852
44020	301.3540
44030	309.7382
44040	307.2631
44050	307.0100
44060	306.5750
44070	308.3027
44080	306.8105
44090	312.2271
44100	307.3962
44110	312.2962
44120	303.7549
44130	306.0304
44140	305.9864
44150	307.0053
44160	301.4841
44170	307.7998
44180	312.1548
44190	307.8215
44200	309.7683
44210	310.0503
44220	312.5645
44230	311.0801
44240	306.1761
44250	307.7270
44260	302.2434
44270	303.7414
44280	304.7947
44290	304.3657
44300	306.0712
44310	313.4492
44320	309.1052
44330	305.6007
44340	316.1008
44350	314.0567
44360	309.0464
44370	308.3686
44380	306.6831
44390	312.0875
44400	307.9673
44410	313.1786
44420	316.4270
44430	309.4732
44440	312.8244
44450	310.4169
44460	308.1018
44470	308.1360
44480	310.4182
44490	305.9382
44500	302.2451
44510	313.3621
44520	309.2225
44530	303.0527
44540	306.5161
44550	307.6325
44560	312.9141
44570	311.8175
44580	313.0092
44590	319.2907
44600	318.2566
44610	310.4973
44620	306.6793
44630	311.0029
44640	307.9565
44650	311.7917
44660	305.8758
44670	309.4134
44680	314.6577
44690	313.2515
44700	307.3594
44710	300.0100
44720	306.8504
44730	309.4305
44740	307.8531
44750	305.8946
44760	303.2648
44770	307.0272
44780	307.4696
44790	303.7333
44800	302.2702
44810	304.8724
44820	304.3048
44830	309.3835
44840	307.5912
44850	309.6150
44860	304.1627
44870	306.0198
44880	309.5437
44890	307.0326
44900	308.4101
44910	308.0280
44920	304.9760
44930	311.5890
44940	308.2614
44950	310.4801
44960	306.8667
44970	313.5436
44980	313.7225
44990	302.9772
45000	304.9302
45010	306.5611
45020	307.9211
45030	305.4080
45040	308.1307
45050	304.6587
45060	306.4690
45070	301.0184
45080	302.1110
45090	300.3089
45100	304.9231
45110	307.4239
45120	300.9824
45130	306.4042
45140	308.4585
45150	306.5150
45160	305.6364
45170	307.9052
45180	307.4791
45190	306.4431
45200	304.7844
45210	306.8357
45220	311.3750
45230	308.7131
45240	305.6599
45250	303.1054
45260	302.3563
45270	308.8876
45280	307.0256
45290	306.1136
45300	311.6090
45310	308.8258
45320	304.9592
45330	308.5374
45340	309.9360
45350	310.5032
45360	311.4280
45370	308.1256
45380	306.0267
45390	309.3344
45400	304.8174
45410	308.4064
45420	312.6346
45430	310.7773
45440	308.6136
45450	313.9711
45460	313.5802
45470	310.4360
45480	308.4455
45490	309.6146
45500	308.2988
45510	305.5920
45520	306.9864
45530	306.6420
45540	307.9149
45550	311.8129
45560	304.5740
45570	306.1457
45580	305.7903
45590	312.1811
45600	305.4676
45610	308.0579
45620	303.0093
45630	310.7692
45640	309.0189
45650	308.1656
45660	308.5938
45670	307.0162
45680	305.9894
45690	315.9447
45700	308.4480
45710	303.5737
45720	303.9968
45730	309.7332
45740	303.7079
45750	301.8715
45760	310.1395
45770	305.3005
45780	304.8097
45790	304.5395
45800	304.3152
45810	301.9901
45820	309.1550
45830	309.2206
45840	306.4334
45850	307.3920
45860	306.8637
45870	306.3869
45880	304.3109
45890	308.5276
45900	306.3100
45910	308.2154
45920	308.6754
45930	312.1226
45940	309.0871
45950	305.2659
45960	309.4992
45970	308.7255
45980	301.7951
45990	302.4502
46000	304.4041
46010	306.4218
46020	309.6826
46030	305.6072
46040	304.9644
46050	301.7491
46060	308.1639
46070	304.5179
46080	303.5775
46090	305.7053
46100	302.3617
46110	308.9400
46120	309.9617
46130	306.0495
46140	307.6172
46150	305.8018
46160	307.9154
46170	311.3351
46180	308.0650
46190	305.6401
46200	302.8129
46210	307.2258
46220	305.3243
46230	310.9293
46240	310.0785
46250	307.2731
46260	305.1895
46270	307.1145
46280	306.4019
46290	303.5535
46300	306.0635
46310	305.7249
46320	303.9982
46330	304.0469
46340	308.8431
46350	308.1003
46360	303.4854
46370	305.0943
46380	308.5372
46390	306.8842
46400	314.1493
46410	306.9175
46420	311.0035
46430	313.4853
46440	310.8236
46450	308.5924
46460	314.1107
46470	309.4275
46480	311.3688
46490	307.6295
46500	310.5923
46510	310.2243
46520	303.4330
46530	311.3745
46540	308.1781
46550	312.9676
46560	309.0389
46570	309.2430
46580	307.8350
46590	310.7182
46600	308.7690
46610	315.6742
46620	307.0059
46630	311.6491
46640	309.4559
46650	302.7500
46660	308.8352
46670	305.6189
46680	312.3406
46690	312.9533
46700	312.4958
46710	309.9152
46720	315.5771
46730	311.5467
46740	309.4322
46750	312.7426
46760	310.6336
46770	310.1573
46780	311.6182
46790	311.5863
46800	308.3101
46810	310.5710
46820	308.1449
46830	305.7713
46840	303.3137
46850	305.6339
46860	305.9393
46870	306.3855
46880	302.8146
46890	303.7209
46900	307.7297
46910	309.3306
46920	311.8787
46930	311.7018
46940	304.2195
46950	306.6691
46960	312.1053
46970	307.4687
46980	305.3780
46990	308.3667
47000	307.1920
47010	310.5575
47020	310.1220
47030	311.4901
47040	312.0831
47050	298.7931
47060	308.6565
47070	305.8083
47080	312.0085
47090	311.3107
47100	315.7203
47110	307.6364
47120	317.4981
47130	310.6154
47140	318.2564
47150	310.7616
47160	312.7086
47170	306.5323
47180	314.1588
47190	314.0855
47200	308.7720
47210	308.7784
47220	309.8844
47230	311.6243
47240	309.4302
47250	311.6301
47260	313.2998
47270	310.6372
47280	306.6764
47290	306.8265
47300	307.4066
47310	306.4957
47320	306.0704
47330	310.0395
47340	306.5138
47350	311.0347
47360	313.2543
47370	308.5239
47380	309.1024
47390	306.2836
47400	312.6308
47410	307.4001
47420	303.3752
47430	316.1868
47440	309.9491
47450	307.4829
47460	311.3734
47470	312.0998
47480	311.1650
47490	307.7643
47500	307.5740
47510	312.1000
47520	306.9716
47530	309.7432
47540	303.3381
47550	310.3586
47560	309.7004
47570	304.5347
47580	304.4970
47590	304.7943
47600	309.5800
47610	303.2781
47620	303.8023
47630	307.0169
47640	307.7461
47650	306.1146
47660	312.7819
47670	309.1719
47680	307.2492
47690	307.6651
47700	306.3054
47710	307.6868
47720	315.4590
47730	309.5179
47740	312.0456
47750	308.2029
47760	304.3661
47770	310.1334
47780	314.0461
47790	311.7272
47800	311.6423
47810	312.8175
47820	306.9909
47830	314.9224
47840	311.0037
47850	307.6323
47860	313.5837
47870	308.9160
47880	307.9931
47890	310.0652
47900	310.9244
47910	313.7781
47920	307.2704
47930	309.1140
47940	315.3770
47950	312.4831
47960	311.6767
47970	316.7164
47980	311.0968
47990	310.1832
48000	310.6228
48010	308.0924
48020	313.0912
48030	310.1325
48040	311.1636
48050	308.1082
48060	306.9968
48070	306.1200
48080	311.2590
48090	307.2215
48100	308.2246
48110	306.9780
48120	305.4479
48130	311.7998
48140	309.0822
48150	308.0296
48160	309.8384
48170	310.4547
48180	309.5435
48190	314.5359
48200	311.2926
48210	311.7898
48220	311.8438
48230	310.1150
48240	312.1022
48250	309.4766
48260	312.0865
48270	310.5365
48280	311.5314
48290	314.2700
48300	307.7085
48310	306.3261
48320	311.5275
48330	307.7417
48340	311.0809
48350	311.2279
48360	314.2985
48370	312.0941
48380	308.3950
48390	312.9775
48400	309.7388
48410	310.3064
48420	310.7962
48430	308.5766
48440	307.6257
48450	306.2994
48460	308.3365
48470	312.0647
48480	310.8604
48490	314.0530
48500	316.5354
48510	312.0547
48520	315.7916
48530	311.7407
48540	313.6294
48550	309.5580
48560	312.8211
48570	313.5314
48580	312.2773
48590	313.6368
48600	312.7607
48610	309.6247
48620	309.1760
48630	308.1466
48640	311.7901
48650	315.7833
48660	313.1733
48670	310.2131
48680	311.9663
48690	310.0546
48700	312.8024
48710	313.9746
48720	311.4182
48730	306.9208
48740	311.5934
48750	313.1032
48760	312.7456
48770	311.2083
48780	307.7799
48790	310.2122
48800	314.5038
48810	311.6995
48820	315.7023
48830	315.3589
48840	312.1807
48850	318.0051
48860	307.3765
48870	307.3099
48880	309.9734
48890	307.4137
48900	312.5536
48910	304.0163
48920	309.7446
48930	309.7352
48940	308.4990
48950	312.8405
48960	315.5656
48970	316.6985
48980	309.7421
48990	310.6787
49000	314.0382
49010	310.8662
49020	310.2860
49030	312.4182
49040	310.7524
49050	306.7853
49060	315.5814
49070	319.3820
49080	317.1333
49090	311.5685
49100	313.7097
49110	311.0575
49120	310.8193
49130	314.8760
49140	315.1944
49150	313.1385
49160	313.5172
49170	310.8716
49180	313.7336
49190	314.1727
49200	314.2128
49210	318.8957
49220	314.8667
49230	310.5685
49240	308.9862
49250	309.7617
49260	311.0175
49270	313.8039
49280	309.9301
49290	311.3425
49300	309.0029
49310	314.1653
49320	308.7606
49330	311.6023
49340	313.0634
49350	310.3069
49360	310.9528
49370	312.0086
49380	310.6110
49390	310.2218
49400	311.9775
49410	309.4268
49420	312.8882
49430	310.6651
49440	308.1058
49450	314.2573
49460	309.7203
49470	314.6477
49480	310.4807
49490	316.0480
49500	315.1104
49510	313.6782
49520	311.2391
49530	310.4419
49540	312.0806
49550	316.3069
49560	314.8677
49570	313.9696
49580	317.4471
49590	311.8592
49600	307.6540
49610	313.4242
49620	313.3450
49630	312.5736
49640	308.8979
49650	311.5703
49660	313.6247
49670	316.0459
49680	309.7749
49690	315.3790
49700	312.0629
49710	307.8416
49720	310.7988
49730	308.7134
49740	308.8892
49750	312.2797
49760	310.0779
49770	309.7429
49780	314.5964
49790	312.2197
49800	312.9187
49810	308.3331
49820	311.3340
49830	306.2851
49840	312.8825
49850	311.2709
49860	311.8555
49870	309.6853
49880	307.6613
49890	309.6459
49900	309.3703
49910	307.3504
49920	314.6078
49930	312.3095
49940	312.4058
49950	315.4643
49960	310.8372
49970	308.9377
49980	311.5409
49990	313.0857
50000	308.6144
