1 	 0.913405874473586
2 	 1.469757551017683
3 	 0.6934083858528175
4 	 0.7145860025077126
5 	 0.562578971630428
6 	 0.9856615997819851
7 	 0.8865814318290601
8 	 1.3122471382003278
9 	 1.543047672280421
10 	 1.6636431514363115
11 	 1.0582649679481984
12 	 1.0716647053851436
13 	 1.1415380850698178
14 	 1.071308521097526
15 	 0.9523298371559941
16 	 1.1622181573091075
17 	 0.9104924072433884
18 	 1.2908988493649909
19 	 0.8045753793884068
20 	 0.9658619327571554
21 	 0.9932284859311767
22 	 0.8027302582476599
23 	 0.7417832498733575
24 	 1.0640678680160394
25 	 1.1986867277277633
26 	 0.7041501775453799
27 	 0.6396542709111236
28 	 0.8359467146887134
29 	 0.920135973651583
30 	 0.6562032357727487
31 	 0.7810501590836794
32 	 1.4979127369976293
33 	 1.1595098694662254
34 	 1.0856477181303004
35 	 0.710315362366382
36 	 0.6705270631223296
37 	 0.8424268726600955
38 	 0.8816605624711762
39 	 1.4240811398796116
40 	 1.6044539614068345
41 	 0.5150631403736771
42 	 1.1205394791734093
43 	 0.5582298116471308
44 	 0.6414611292781774
45 	 0.8428311771131121
46 	 0.7843469099320161
47 	 1.1591458743407081
48 	 0.8337775206255416
49 	 1.2359720592767311
50 	 0.611156670350659
51 	 1.151664040152294
52 	 1.214399234165127
53 	 1.094734164297503
54 	 0.897930450985053
55 	 0.6597518819027269
56 	 0.7675074283235396
57 	 0.6784965368856987
58 	 0.7714286120585165
59 	 0.6669641452135208
60 	 0.9122356072545518
61 	 0.5345874751009978
62 	 1.220354487093476
63 	 0.8692060702476495
64 	 1.1902089202520438
65 	 0.7678345777109886
66 	 0.7501540425691443
67 	 0.5300726466470709
68 	 0.8805904482537881
69 	 0.5623919330653735
70 	 0.6152044301340357
71 	 1.3475024396367372
72 	 1.404516712441109
73 	 1.6064065889346724
74 	 1.8599683219318588
75 	 2.5558829020064633
76 	 3.737138067803656
