1 	 0.7313266705889255
2 	 0.6721135286670178
3 	 0.42837658391706646
4 	 0.5616126185022294
5 	 0.48758848297968505
6 	 0.714273584580049
7 	 0.6830240186452866
8 	 1.0981939635127782
9 	 1.1653729210346937
10 	 0.8068624197728932
11 	 0.8160087279547006
12 	 0.8851319872010499
13 	 1.3010670484267175
14 	 0.7892477273792028
15 	 0.5453420909550041
16 	 0.8060298952572048
17 	 0.4405487956311554
18 	 1.0829954943172633
19 	 0.7359606028348208
20 	 0.5989183973763138
21 	 0.46476600594073536
22 	 0.3875399995855987
23 	 0.45285663146339356
24 	 0.7419489926248789
25 	 0.6787862083856017
26 	 0.34164629615284503
27 	 0.5566972971204668
28 	 0.38584691144898536
29 	 0.5798811110351235
30 	 0.4306241320669651
31 	 0.7413865489382296
32 	 1.0234156096465885
33 	 0.6655021677203476
34 	 0.612312161244452
35 	 0.45489286006614565
36 	 0.4579173514097929
37 	 0.6648085658848286
38 	 0.5760997028797865
39 	 1.1905018798410893
40 	 0.6893626480996609
41 	 0.4260358591843396
42 	 0.7894599329996854
43 	 0.5080143289584667
44 	 0.5198503297688439
45 	 0.6241308044120669
46 	 0.642189466945827
47 	 0.7544246847853064
48 	 0.928154113696888
49 	 1.1495550355240702
50 	 0.4710769089944661
51 	 1.6032156588844955
52 	 1.0231668045930564
53 	 0.6777208269657568
54 	 1.4891198107115924
55 	 0.37533840926736595
56 	 0.40353288521245123
57 	 0.5844975475817918
58 	 0.7781843304373324
59 	 0.5382885714359581
60 	 1.559457906011492
61 	 0.6907836206965149
62 	 1.1024210215769707
63 	 0.9629441852616146
64 	 1.0929321235530078
65 	 0.3916355791911483
66 	 0.49005123117379845
67 	 0.4425517368800938
68 	 0.565062416261062
69 	 0.44035081641562285
70 	 0.4911770751196891
71 	 1.2351581504382194
72 	 1.0423517103046178
73 	 0.9629568232279271
74 	 1.3296659492254257
75 	 1.5659720794111491
76 	 1.6534206594377756
