-715.034
-714.034
-713.034
-712.034
-711.034
-710.034
-709.034
-708.034
-707.034
-706.034
-705.034
-704.034
-703.034
-702.034
-701.034
-700.034
-699.034
-698.034
-697.034
-696.034
-695.034
-694.034
-693.034
-692.034
-691.034
-690.034
-689.034
-688.034
-687.034
-686.034
-685.034
-684.034
-683.034
-682.034
-681.034
-680.034
-679.034
-678.034
-677.034
-676.034
-675.034
-674.034
-673.034
-672.034
-671.034
-670.034
-669.034
-668.034
-667.034
-666.034
-665.034
-664.034
-663.034
-662.034
-661.034
-781.828
-748.22
-772.388
-765.344
-733.941
-708.319
-729.761
-701.99
-717.186
-754.845
-699.463
-727.504
-778.077
-702.593
-651.131
-706.711
-708.423
-731.516
-718.79
-760.69
-709.723
-749.417
-684.44
-786.37
-769.343
-773.291
-778.628
-801.422
-753.828
-709.905
-718.398
-819.144
-775.427
-729.049
-763.878
-743.476
-767.33
-740.538
-727.142
-768.04
-789.968
-793.92
-753.538
-756.193
-764.461
-726.882
-746.248
-728.208
-747.359
-713.662
-794.958
-759.32
-758.259
-750.321
-761.472
-714.971
-746.636
-791.293
-767.994
-781.385
-748.591
-725.63
-670.088
-737.556
-792.474
-795.906
-758.454
-751.436
-713.128
-721.957
-715.244
-709.627
-732.653
-716.119
-648.424
-696.822
-683.253
-717.003
-751.763
-682.028
-676.969
-653.418
-674.321
-707.005
-735.77
-705.142
-723.324
-694.568
-694.997
-700.058
-722.669
-711.749
-735.642
-678.255
-648.918
-666.407
-727.664
-694.419
-647.443
-680.134
-698.63
-623.215
-704.574
-695.904
-688.143
-699.867
-686.522
-706.769
-690.365
-714.588
-708.424
-736.615
-693.658
-705.077
-716.458
-696.291
-658.598
-643.513
-739.776
-652.784
-682.084
-695.252
-708.426
-687.538
-712.273
-693.373
-727.342
-747.413
-741.487
-730.392
-699.414
-738.162
-764.244
-776.802
-729.902
-761.141
-763.861
-685.983
-700.378
-725.286
-704.876
-628.997
-672.858
-710.453
-639.46
-691.69
-719.482
-710.769
-732.778
-708.938
-743.058
-712.779
-667.482
-717.19
-729.477
-757.522
-750.192
-736.002
-742.003
-754.581
-778.216
-720.083
-784.265
-766.505
-789.799
-725.953
-734.446
-716.427
-721.083
-712.16
-718.973
-716.76
-749.228
-727.644
-717.926
-680.564
-699.987
-752.1
-737.973
-740.173
-726.492
-750.769
-768.33
-769.008
-752.784
-749.952
-793.71
-774.353
-792.365
-795.148
-735.672
-753.232
-737.337
-724.712
-686.322
-776.551
-798.783
-757.699
-700.38
-728.745
-705.079
-772.425
-695.829
-716.433
-718.677
-686.904
-735.751
-727.023
-776.696
-749.525
-758.81
-720.241
-754.146
-746.525
-803.282
-740.949
-729.905
-779.804
-783.808
-767.049
-743.988
-790.717
-786.959
-819.235
-815.717
-778.471
-719.872
-721.144
-751.525
-718.803
-732.091
-755.044
-768.727
-695.334
-721.878
-716.941
-714.84
-704.624
-677.744
-688.006
-705.005
-697.365
-684.788
-682.877
-713.138
-697.327
-730.368
-748.566
-695.84
-682.305
-718.553
-773.121
-690.133
-738.135
-714.951
-740.138
-725.516
-692.669
-719.489
-687.962
-708.815
-655.239
-743.22
-738.528
-726.796
-730.754
-767.26
-737.419
-727.377
-751.603
-761.755
-757.865
-766.66
-775.409
-724.449
-668.419
-764.84
-725.217
-799.765
-747.18
-757.398
-752.991
-755.227
-738.664
-743.287
-767.469
-730.675
-763.487
-692.832
-703.202
-679.592
-718.346
-759.104
-764.461
-773.505
-760.546
-673.454
-732.262
-718.395
-722.699
-732.988
-769.692
-714.259
-667.904
-720.925
-726.933
-744.542
-775.982
-725.489
-728.876
-750.019
-733.535
-699.773
-761.498
-715.482
-699.903
-727.447
-719.266
-721.031
-731.18
-708.377
-665.351
-730.368
-734.911
-784.677
-710.241
-755.099
-769.703
-728.328
-719.79
-746.331
-721.24
-731.251
-726.531
-750.283
-751.282
-730.18
-697.394
-725.72
-742.934
-706.587
-759.767
-788.408
-794.465
-724.062
-754.091
-752.598
-767.115
-749.201
-750.963
-729.295
-712.776
-714.091
-713.922
-704.308
-711.267
-737.893
-749.007
-768.093
-742.738
-728.589
-722.376
-725.71
-686.385
-752.474
-747.699
-778.364
-711.735
-723.247
-737.515
-672.366
-752.633
-705.479
-679.595
-722.692
-737.391
-702.453
-699.591
-643.952
-676.529
-692.517
-722.289
-673.017
-668.837
-642.932
-728.737
-749.831
-687.763
-752.564
-666.202
-703.177
-706.271
-707.668
-713.609
-757.501
-750.476
-734.562
-704.539
-721.27
-741.067
-713.292
-739.171
-685.444
-680.262
-752.174
-759.179
-699.007
-748.815
-708.262
-649.713
-722.801
-660.404
-660.057
-702.485
-756.827
-738.301
-704.268
-794.067
-769.463
-734.569
-758.005
-765.075
-718.569
-731.097
-689.941
-716.55
-729.216
-723.145
-744.938
-780.425
-745.591
-752.399
-695.738
-741.187
-744.466
-682.766
-712.999
-703.253
-703.279
-714.075
-720.79
-705.891
-716.643
-741.111
-712.465
-706.857
-678.088
-684.432
-694.413
-727.201
-729.926
-741.077
-739.095
-713.884
-661.146
-668.073
-692.684
-655.983
-722.624
-714.989
-721.206
-681.355
-668.473
-700.468
-641.356
-672.329
-681.861
-698.892
-653.395
-726.728
-743.318
-670.086
-654.631
-669.36
-690.805
-729.668
-719.388
-713.532
-729.27
-756.675
-710.539
-756.28
-764.84
-763.325
-733.916
-684.018
-703.404
-685.78
-681.363
-668.691
-686.787
-717.457
-711.339
-767.677
-722.614
-776.76
-690.621
-729.89
-717.456
-730.276
-718.14
-781.248
-746.017
-737.225
-695.53
-763.167
-746.022
-742.082
-692.075
-718.155
-704.027
-698.379
-662.225
-653.307
-696.787
-665.043
-671.445
-685.735
-721.59
-723.625
-701.885
-706.913
-694.37
-715.496
-700.745
-684.124
-663.916
-697.025
-686.759
-664.013
-720.75
-706.898
-724.149
-772.148
-705.173
-766.964
-760.083
-730.108
-692.643
-715.559
-715.747
-697.261
-707.043
-635.257
-671.181
-710.191
-731.755
-721.152
-664.816
-678.468
-712.106
-686.596
-661.567
-702.039
-681.376
-746.612
-672.01
-762.808
-720.137
-724.459
-726.838
-726.013
-710.688
-691.669
-742.394
-697.049
-767.86
-713.574
-753.965
-740.519
-784.999
-763.798
-764.188
-767.099
-720.216
-732.01
-720.867
-733.24
-705.031
-694.51
-698.121
-695.221
-670.337
-722.032
-704.842
-741.428
-718.286
-700.162
-660.663
-745.31
-719.121
-736.276
-715.019
-734.02
-734.367
-729.18
-715.88
-685.146
-651.508
-666.087
-712.661
-673.284
-716.885
-732.998
-672.03
-647.422
-666.924
-645.504
-668.224
-682.142
-674.363
-667.108
-650.068
-654.654
-653.914
-701.193
-638.802
-712.454
-737.396
-701.203
-704.134
-720.886
-689.353
-691.33
-718.284
-724.093
-733.764
-761.238
-746.716
-675.932
-660.013
-691.561
-705.039
-704.215
-698.145
-741.834
-740.152
-744.934
-694.243
-766.803
-757.682
-744.394
-741.2
-674.547
-689.575
-711.441
-702.793
-763.554
-714.491
-728.101
-708.262
-725.07
-727.57
-695.636
-734.63
-677.911
-679.109
-669.93
-684.754
-642.504
-648.94
-697.259
-676.897
-669.187
-667.212
-628.129
-627.857
-656.897
-607.157
-746.108
-695.5
-640.114
-697.135
-720.164
-688.575
-699.524
-705.07
-694.692
-687.144
-671.081
-617.137
-664.106
-668.386
-675.966
-669.062
-676.076
-711.036
-661.446
-625.726
-631.941
-617.89
-676.98
-651.163
-654.589
-690.66
-672.07
-682.924
-673.139
-688.855
-665.48
-628.515
-589.244
-659.275
-650.061
-650.627
-688.25
-678.623
-701.282
-619.337
-661.693
-701.846
-666.972
-697.804
-730.838
-667.701
-650.946
-639.255
-713.068
-695.728
-690.41
-643.365
-643.038
-651.187
-629.527
-645.624
-627.229
-666.199
-650.757
-609.148
-652.153
-692.364
-676.303
-714.099
-687.415
-690.779
-718.236
-746.259
-698.962
-718.513
-668.745
-664.437
-642.449
-637.073
-625.6
-656.024
-625.84
-677.054
-703.593
-660.614
-654.637
-692.485
-718.918
-705.042
-668.661
-657.344
-718.42
-737.043
-688.251
-648.855
-715.146
-663.496
-679.367
-667.803
-619.152
-659.254
-668.263
-647.295
-679.293
-631.353
-664.848
-665.547
-672.899
-720.278
-683.958
-740.077
-708.236
-686.078
-695.525
-693.512
-632.879
-662.306
-661.112
-704.613
-643.652
-686.637
-650.17
-684.44
-699.465
-684.659
-655.075
-647.488
-681.38
-720.976
-695.274
-668.145
-696.842
-680.824
-676.927
-682.125
-686.176
-660.888
-660.103
-699.51
-652.249
-690.014
-677.466
-671.935
-710.051
-714.354
-697.415
-735.029
-686.84
-676.394
-651.089
-654.848
-692.377
-647.452
-657.851
-644.557
-683.046
-669.659
-670.749
-653.201
-725.895
-682.662
-677.089
-720.274
-714.683
-714.528
-657.243
-634.362
-671.85
-716.598
-667.178
-691.628
-722.706
-695.666
-707.49
-769.456
-710.66
-713.576
-704.987
-715.518
-727.57
-660.774
-715.019
-741.773
-730.194
-774.68
-748.002
-709.859
-735.621
-686.447
-675.001
-678.863
-666.051
-712.849
-671.723
-662.282
-660.694
-670.057
-672.331
-692.47
-722.596
-721.965
-711.137
-683.383
-687.109
-700.991
-767.42
-687.574
-679.251
-706.82
-807.949
-743.399
-693.163
-726.594
-735.755
-722.833
-714.061
-732.182
-723.373
-729.713
-681.948
-699.656
-684.201
-623.023
-688.973
-696.235
-711.726
-683.069
-686.235
-724.793
-730.061
-691.223
-710.606
-750.678
-702.864
-700.228
-717.239
-690.564
-665.322
-672.303
-709.234
-669.683
-683.492
-715.551
-731.926
-724.897
-737.203
-721.619
-668.057
-679.795
-623.912
-703.725
-678.67
-704.586
-757.848
-732.728
-756.997
-674.185
-698.3
-741.731
-739.783
-699.08
-735.283
-673.787
-679.848
-667.777
-648.807
-663.896
-659.358
-631.176
-678.867
-710.049
-669.878
-728.308
-718.289
-709.554
-695.56
-729.236
-707.172
-670.24
-653.248
-700.063
-610.606
-625.078
-668.667
-641.832
-661.695
-706.21
-697.548
-691.183
-648.647
-673.799
-688.688
-686.877
-680.552
-662.238
-672.724
-654.191
-705.754
-673.937
-652.056
-661.57
-657.272
-633.261
-690.049
-648.066
-673.364
-686.836
-647.566
-696.009
-733.649
-748.914
-725.914
-700.801
-734.229
-725.032
-715.566
-729.677
-687.256
-691.392
-700.03
-721.285
-699.178
-751.725
-704.996
-720.188
-772.983
-721.746
-724.946
-717.996
-698.79
-729.893
-721.717
-708.527
-711.749
-734.128
-749.31
-745.09
-705.212
-720.965
-705.853
-697.84
-688.689
-704.797
-690.745
-719.772
-698.774
-703.285
-698.926
-692.781
-697.371
-680.916
-724.641
-695.137
-693.393
-704.265
-694.341
-674.485
-690.176
-637.615
-681.8
-697.505
-663.087
-694.61
-736.835
-720.768
-704.02
-664.719
-683.609
-684.914
-696.521
-694.209
-641.631
-642.873
-668.132
-691.401
-701.406
-690.362
-692.364
-676.068
-722.439
-672.756
-696.028
-722.591
-688.686
-678.499
-712.711
-718.29
-692.023
-732.174
-732.59
-728.516
-734.84
-708.878
-757.7
-755.534
-777.409
-758.252
-777.09
-766.289
-718.27
-725.532
-703.816
-704.605
-731.955
-731.274
-670.24
-708.149
-715.48
-684.071
-715.011
-751.144
-743.955
-707.732
-694.064
-660.66
-670.802
-673.964
-665.253
-698.155
-673.097
-634.851
-668.546
-701.128
-687.046
-701.009
-682.754
-675.348
-714.679
-636.092
-696.176
-706.216
-702.638
-734.383
-705.84
-691.74
-681.601
-725.834
-692.797
-703.203
-655.373
-648.38
-651.488
-640.004
-687.807
-629.287
-665.839
-678.276
-660.077
-691.84
-656.787
-678.267
-687.478
-678.392
-644.578
-687.695
-649.361
-659.576
-677.905
-677.752
-674.855
-672.444
-646.898
-635.599
-630.458
-670.988
-620.753
-658.518
-682.8
-666.926
-659.959
-663.117
-654.01
-673.994
-665.58
-661.292
-601.49
-649.736
-679.142
-672.635
-709.171
-686.461
-674.327
-679.091
-696.345
-682.896
-663.132
-691.354
-685.161
-710.167
-731.848
-696.818
-707.892
-726.117
-671.246
-713.738
-705.299
-669.981
-660.752
-680.919
-643.848
-660.918
-702.839
-721.69
-734.74
-648.526
-706.006
-702.37
-711.709
-699.704
-716.825
-712.991
-662.493
-704.027
-672.624
-714.571
-699.018
-711.171
-674.317
-686.905
-676.919
-732.49
-723.306
-718.023
-721.181
-698.311
-737.692
-697.306
-712.576
-715.484
-733.44
-696.194
-741.605
-676.459
-730.556
-704.628
-692.874
-711.761
-653.866
-707.242
-693.003
-677.388
-687.021
-748.582
-692.107
-706.396
-724.124
-675.584
-652.734
-676.275
-698.77
-681.274
-692.476
-720.281
-683.135
-739.774
-719.283
-745.625
-743.696
-735.748
-723.353
-735.519
-714.715
-707.638
-672.036
-704.077
-748.787
-677.198
-721.576
-705.303
-773.597
-729.605
-707.976
-752.565
-664.214
-684.131
-718.977
-695.374
-681.96
-711.792
-694.773
-673.058
-667.899
-678.631
-691.569
-663.757
-709.259
-703.524
-700.255
-706.954
-684.435
-701.752
-704.487
-714.966
-699.561
-668.654
-713.078
-688.906
-726.532
-730.844
-682.683
-650.154
-690.295
-672.921
-639.035
-648.44
-737.212
-656.931
-733.44
-716.256
-701.838
-663.641
-713.543
-711.153
-707.312
-729.983
-735.536
-753.627
-775.2
-770.122
-742.93
-746.201
-714.769
-733.013
-697.246
-714.242
-696.022
-692.502
-691.348
-697.89
-695.341
-667.869
-740.387
-711.208
-713.659
-714.334
-723.229
-726.886
-710.166
-701.576
-720.075
-715.733
-713.684
-692.699
-688.03
-680.898
-696.027
-723.549
-746.104
-744.254
-709.683
-711.946
-711.384
-755.715
-701.075
-716.284
-695.817
-725.739
-646.998
-694.311
-707.864
-656.454
-695.991
-724.208
-695.243
-723.529
-713.484
-727.462
-757.357
-723.446
-754.836
-756.258
-711.658
-759.861
-784.379
-762.366
-774.501
-711.475
-738.019
-692.777
-667.929
-686.641
-709.632
-648.945
-721.965
-722.36
-718.604
-748.527
-734.336
-737.578
-770.973
-763.485
-746.795
-750.744
-773.515
-772.427
-745.464
-724.239
-764.128
-746.445
-748.533
-730.337
-743.576
-727.415
-729.967
-732.145
-709.348
-725.274
-695.391
-699.414
-713.404
-672.908
-694.436
-710.208
-650.127
-706.017
-682.201
-704.187
-710.647
-713.601
-740.291
-722.462
-675.989
-674.238
-667.812
-677.025
-685.294
-654.705
-723.971
-714.813
-686.074
-646.916
-681.369
-752.934
-696.925
-716.09
-746.02
-720.309
-755.733
-684.139
-691.82
-714.229
-643.512
-690.829
-709.408
-722.082
-683.503
-692.714
-748.925
-733.514
-715.73
-690.401
-776.593
-714.491
-741.934
-729.812
-738.017
-714.287
-727.724
-768.076
-709.023
-746.895
-676.627
-686.124
-741.07
-686.308
-685.506
-678.637
-693.585
-661.729
-709.252
-702.754
-687.889
-722.994
-720.007
-704.314
-678.774
-709.024
-705.875
-698.703
-707.166
-736.878
-716.857
-694.982
-697.115
-675.977
-643.628
-659.704
-707.476
-708.99
-682.754
-704.824
-695.135
-751.211
-693.857
-687.146
-720.394
-692.555
-744.385
-690.27
-648.86
-692.155
-695.655
-646.191
-632.935
-642.266
-723.428
-638.358
-667.176
-693.168
-685.577
-697.604
-692.025
-672.795
-642.869
-676.288
-699.781
-664.423
-684.661
-629.332
-667.346
-700.42
-653.225
-646.011
-677.591
-668.696
-671.181
-714.728
-682.218
-698.173
-688.482
-652.029
-665.34
-688.284
-743.796
-735.832
-727.086
-699.965
-692.586
-642.498
-650.607
-672.145
-666.705
-670.729
-657.259
-628.46
-652.369
-618.922
-644.184
-673.835
-675.989
-666.142
-629.414
-660.814
-660.72
-649.129
-617.799
-667.145
-602.048
-675.959
-675.93
-664.452
-690.894
-651.975
-621.566
-624.037
-618.212
-607.238
-647.433
-584.821
-627.204
-631.46
-597.556
-590.601
-632.306
-608.251
-619.098
-616.128
-642.738
-664.012
-663.527
-656.278
-658.873
-604.306
-620.719
-656.325
-656.216
-670.591
-683.562
-649.155
-684.706
-656.507
-696.083
-660.056
-591.636
-705.741
-669.668
-650.475
-625.35
-617.74
-614.051
-611.583
-622.536
-620.292
-632.067
-643.039
-659.242
-619.292
-691.807
-698.763
-681.291
-645.999
-651.829
-642.941
-660.788
-669.235
-669.824
-662.464
-648.303
-638.599
-674.387
-632.711
-642.664
-680.424
-708.945
-630.826
-642.084
-629.614
-624.569
-673.295
-642.641
-652.086
-551.18
-638.785
-639.717
-643.264
-625.413
-667.388
-652.228
-684.507
-683.192
-646.168
-629.973
-671.645
-631.488
-659.771
-613.34
-612.192
-681.355
-656.396
-653.688
-696.907
-675.731
-641.361
-677.01
-653.759
-693.17
-601.681
-624.467
-596.007
-643.78
-654.998
-689.686
-651.869
-663.509
-678.301
-643.79
-653.342
-631.284
-631.371
-627.76
-631.137
-667.343
-625.363
-692.504
-620.04
-642.438
-637.882
-597.209
-613.443
-657.274
-632.734
-621.69
-659.054
-666.559
-643.876
-609.983
-683.483
-618.971
-640.299
-596.485
-626.134
-622.669
-631.923
-654.239
-614.874
-602.409
-623.159
-601.914
-646.273
-610.376
-591.814
-618.687
-605.026
-596.357
-547.507
-608.923
-595.363
-629.2
-603.771
-597.803
-652.605
-652.806
-669.161
-684.232
-714.617
-693.133
-694.129
-686.077
-666.779
-609.328
-620.577
-659.062
-670.652
-688.533
-675.723
-622.097
-676.388
-675.864
-648.98
-620.035
-584.41
-608.455
-617.627
-640.66
-614.441
-585.162
-600.022
-611.309
-602.001
-594.848
-615.558
-562.689
-638.101
-596.105
-617.011
-593.585
-651.433
-627.231
-579.105
-551.488
-652.159
-614.619
-641.52
-683.418
-624.295
-637.632
-649.276
-634.361
-620.666
-632.716
-607.588
-585.367
-600.117
-619.436
-608.104
-628.298
-614.667
-595.645
-570.146
-558.427
-591.578
-612.654
-563.639
-606.444
-584.803
-574.869
-612.081
-615.626
-592.499
-567.992
-572.376
-557.864
-541.408
-567.621
-561.418
-587.9
-567.939
-592.932
-608.023
-636.005
-603.727
-611.729
-616.478
-601.408
-587.911
-623.438
-609.307
-622.775
-608.164
-606.084
-576.805
-628.571
-621.222
-632.346
-660.605
-593.085
-614.363
-623.945
-651.989
-648.744
-674.964
-644.604
-630.683
-641.295
-629.439
-692.418
-658.813
-690.844
-649.885
-608.365
-623.412
-664.228
-615.123
-616.532
-613.046
-673.625
-622.174
-609.838
-609.12
-593.037
-640.095
-653.954
-630.924
-647.953
-635.141
-659.155
-673.468
-636.692
-665.5
-683.557
-644.087
-652.369
-676.353
-652.976
-688.39
-703.149
-693.538
-693.936
-683.133
-663.003
-659.828
-674.19
-679.731
-718.996
-693.832
-667.894
-652.019
-715.208
-692.817
-706.079
-695.515
-709.312
-681.931
-685.874
-665.208
-697.447
-640.149
-660.215
-659.644
-669.739
-686.064
-666.709
-666.326
-662.259
-660.023
-647.157
-667.184
-658.08
-711.947
-737.334
-698.469
-692.453
-672.274
-707.673
-721.913
-706.522
-714.213
-691.255
-687.951
-651.462
-688.735
-700.324
-697.133
-693.848
-695.495
-669.442
-685.506
-691.474
-628.53
-665.728
-680.274
-682.26
-675.776
-639.861
-648.942
-634.245
-730.227
-695.377
-678.537
-681.565
-690.471
-734.478
-688.334
-671.357
-691.576
-663.46
-669.091
-708.03
-660.18
-705.838
-677.448
-659.309
-677.965
-636.623
-625.241
-664.956
-709.097
-699.192
-632.66
-619.676
-611.039
-666.13
-657.721
-692.262
-655.393
-683.407
-685.847
-685.61
-644.026
-653.37
-657.646
-628.453
-662.795
-633.259
-691.966
-615.759
-649.671
-661.251
-595.066
-663.241
-655.638
-617.796
-682.341
-684.554
-677.579
-683.256
-659.572
-629.314
-665.313
-648.992
-657.191
-680.978
-627.88
-685.039
-680.506
-680.591
-688.475
-675.488
-680.753
-665.577
-636.404
-656.451
-689.587
-654.994
-620.166
-631.038
-617.181
-663.007
-672.167
-683.693
-653.685
